0 0.0084375 0.40853649999999997 0.016875 0.036584999999999895
0 0.0084375 0.438555 0.016875 0.04221399999999989
0 0.0096875 0.3302065 0.019375 0.07504699999999996
0 0.013125 0.131801 0.02625 0.047841999999999996
0 0.065625 0.21341500000000002 0.13125 0.19605999999999998
0 0.004375 0.258443 0.0075 0.04409000000000001
0 0.07750000000000001 0.52955 0.15375000000000005 0.2598500000000001
0 0.1803125 0.5576925 0.219375 0.28799299999999994
0 0.17843749999999997 0.3424015 0.186875 0.17636100000000002
0 0.313125 0.40197000000000005 0.21500000000000008 0.246716
0 0.366875 0.608818 0.21250000000000002 0.283302
0 0.4128125 0.274859 0.16937500000000005 0.23452200000000004
0 0.373125 0.5314255000000001 0.08250000000000002 0.09849899999999998
0 0.558125 0.43058149999999995 0.31375 0.3227009999999999
0 0.5309375000000001 0.642589 0.22062500000000007 0.307692
0 0.65125 0.30675449999999993 0.2662500000000001 0.2720449999999998
0 0.7121875 0.030957 0.18812499999999988 0.061914
0 0.756875 0.6885555 0.24250000000000016 0.36210099999999995
0 0.8465625 0.4934334999999999 0.2093750000000001 0.3095690000000001
0 0.9199999999999999 0.6674485 0.15874999999999995 0.4924949999999999