3 0.0834375 0.7145834999999999 0.08937499999999998 0.12583300000000008
3 0.1325 0.67125 0.13 0.17083399999999985
3 0.15375 0.43916700000000003 0.08750000000000002 0.16000000000000014
3 0.21125 0.5612499999999999 0.12750000000000006 0.16083400000000006
3 0.1925 0.8270835 0.07250000000000001 0.12416699999999992
3 0.21500000000000002 0.435417 0.07374999999999998 0.11250000000000011
3 0.265 0.8325 0.08499999999999996 0.12333400000000012
3 0.29531250000000003 0.9154165000000001 0.125625 0.12416699999999992
3 0.299375 0.4891664999999999 0.07625000000000004 0.10833300000000001
3 0.3096875 0.6170835 0.09687500000000004 0.134167
3 0.36875 0.7050000000000001 0.08374999999999999 0.12333399999999983
3 0.4284375 0.46625000000000005 0.08937499999999998 0.1224999999999999
3 0.42562500000000003 0.8583335 0.08125000000000004 0.12333299999999998
3 0.4584375 0.71875 0.09312500000000001 0.11416599999999999
3 0.5996874999999999 0.7495835 0.13687499999999986 0.185833
3 0.655 0.580417 0.13874999999999993 0.18249999999999997
3 0.7375 0.8125 0.1625000000000001 0.2083340000000001