0 0.8687499999999999 0.664165 0.08749999999999991 0.10131399999999996
0 0.00875 0.373358 0.0175 0.06378999999999997
0 0.025 0.27392099999999997 0.05 0.04127600000000003
0 0.039375 0.4108815 0.07875 0.10131299999999999
0 0.099375 0.5093810000000001 0.19875 0.16698
0 0.0275 0.3020635 0.0525 0.030019000000000007
0 0.15812500000000002 0.7504689999999999 0.28125 0.21013200000000015
0 0.08374999999999999 0.27485899999999996 0.07500000000000001 0.08442800000000003
0 0.12187500000000001 0.9831145000000001 0.07874999999999999 0.030018999999999758
0 0.179375 0.9268295000000002 0.11624999999999996 0.12007499999999989
0 0.164375 0.38836750000000003 0.06125000000000003 0.07504699999999999
0 0.224375 0.9512194999999999 0.12124999999999997 0.09380900000000006
0 0.22562500000000002 0.317073 0.07874999999999999 0.09005600000000005
0 0.23500000000000001 0.381801 0.08000000000000002 0.10319000000000002
0 0.295 0.38273949999999995 0.0625 0.07879899999999995
0 0.32 0.9615384999999999 0.10499999999999998 0.0731710000000001
0 0.30625 0.48405249999999994 0.0625 0.12382700000000002
0 0.285625 0.18292700000000003 0.018750000000000044 0.02814200000000001
0 0.2975 0.19887449999999998 0.01750000000000007 0.030019000000000007
0 0.363125 0.5056285 0.09875 0.12195099999999995
0 0.36812500000000004 0.356473 0.06624999999999992 0.06754200000000002
0 0.384375 0.4221385 0.09375 0.11632299999999993
0 0.374375 0.2026265 0.018750000000000044 0.03377100000000005
0 0.38749999999999996 0.22701700000000002 0.01750000000000007 0.030017999999999948
0 0.44875 0.5084425 0.08749999999999991 0.10131299999999999
0 0.5406249999999999 0.7748595000000001 0.24624999999999986 0.24765499999999985
0 0.46 0.435272 0.07750000000000001 0.10131399999999996
0 0.44875 0.326454 0.04249999999999998 0.07880000000000001
0 0.54 0.8442774999999999 0.10000000000000009 0.11632299999999976
0 0.5543750000000001 0.44183849999999997 0.07874999999999988 0.12570300000000006
0 0.57125 0.9878049999999999 0.06999999999999984 0.020637999999999972
0 0.56875 0.486867 0.04249999999999998 0.06566600000000003
0 0.6243749999999999 0.4587245 0.0887500000000001 0.12195099999999995
0 0.6331249999999999 0.9268295 0.0987499999999999 0.1425889999999999
0 0.69625 0.9380865 0.12250000000000005 0.12007499999999989
0 0.6825000000000001 0.48968100000000003 0.05750000000000011 0.086304
0 0.700625 0.4277675 0.08375000000000021 0.11257099999999998
0 0.7925 0.662289 0.22750000000000004 0.236398
0 0.901875 0.8621010000000001 0.11375000000000002 0.1332079999999998
0 0.9593750000000001 0.9587245 0.07874999999999988 0.07879899999999995
0 0.973125 0.8818010000000001 0.05125000000000002 0.12757999999999994