3 0.1953125 0.284375 0.10312500000000002 0.09375
3 0.1875 0.3726565 0.084374 0.089063
3 0.2523435 0.41328149999999997 0.11718700000000004 0.07343699999999997
3 0.3203125 0.2710935 0.10312500000000002 0.09218700000000002
3 0.35 0.0953125 0.1312500000000001 0.09062500000000001
3 0.40859350000000005 0.37812500000000004 0.19843699999999997 0.20937399999999995
3 0.42968799999999996 0.1898435 0.1875 0.18906299999999998
3 0.4734375 0.784375 0.18437500000000007 0.196874
3 0.5968745 0.3085935 0.06562500000000004 0.098437
3 0.690625 0.4460935 0.20624999999999982 0.19531299999999996
3 0.646875 0.21484350000000002 0.11250000000000004 0.12656299999999998
3 0.6921875 0.930469 0.1781250000000001 0.035938000000000025
3 0.6835935 0.32109350000000003 0.07968699999999984 0.08593699999999993
3 0.8734375 0.39140600000000003 0.13749900000000004 0.18281199999999997
3 0.9070309999999999 0.819531 0.12343800000000016 0.2390620000000001