3 0.234375 0.410807 0.09570400000000001 0.15494800000000009
3 0.2680665 0.548828 0.13964900000000002 0.17838600000000002
3 0.2807615 0.2552085 0.07910099999999998 0.148437
3 0.3100585 0.41210949999999996 0.07128899999999994 0.19921899999999995
3 0.33105450000000003 0.23372400000000002 0.08398499999999998 0.17838600000000002
3 0.373047 0.6653645 0.14257799999999998 0.1770830000000001
3 0.412598 0.534505 0.14941399999999994 0.18098999999999998
3 0.42089849999999995 0.1549475 0.16210900000000006 0.23177099999999998
3 0.43017550000000004 0.35286449999999997 0.16113299999999997 0.17447899999999997
3 0.519531 0.6347655 0.14648400000000006 0.19921899999999995
3 0.542969 0.2128905 0.14257799999999987 0.201823
3 0.5512695 0.3964845000000001 0.14550700000000005 0.17838500000000002
3 0.6342775 0.5234375 0.15332100000000004 0.17708299999999996
3 0.6293945 0.254557 0.094727 0.18880199999999991
3 0.676758 0.39973949999999997 0.12109400000000003 0.15364500000000003