3 0.2584375 0.95591 0.07187500000000002 0.08442800000000011
3 0.2890625 0.8850845 0.08187500000000003 0.11538499999999999
3 0.3228125 0.780957 0.07687500000000003 0.126642
3 0.3296875 0.947467 0.07062499999999994 0.1031899999999999
3 0.35843749999999996 0.696529 0.08187499999999992 0.11163200000000012
3 0.35843749999999996 0.8808634999999999 0.07937499999999997 0.12007500000000028
3 0.3884375 0.5989680000000001 0.06562500000000004 0.10975599999999999
3 0.3921875 0.7884615 0.073125 0.12288900000000014
3 0.39875000000000005 0.9591934999999998 0.06000000000000005 0.07973700000000018
3 0.41781250000000003 0.5060975000000001 0.07062499999999994 0.11163300000000008
3 0.4309375 0.689493 0.08062499999999995 0.10881799999999993
3 0.4328125 0.8663224999999999 0.07687500000000003 0.11726099999999977
3 0.446875 0.4094745 0.09499999999999997 0.11538499999999999
3 0.4590625 0.5999059999999999 0.073125 0.11538400000000001
3 0.4659375 0.9620075 0.06437499999999996 0.07410899999999983
3 0.47125 0.7837715000000001 0.06874999999999998 0.12101300000000001
3 0.4803125 0.3222325 0.08437499999999998 0.12101300000000001
3 0.5 0.5 0.06499999999999995 0.10694200000000015
3 0.50125 0.685272 0.06499999999999995 0.12101399999999998
3 0.5096875 0.8818015 0.07687500000000003 0.12195100000000007
3 0.5159374999999999 0.2115385 0.08187500000000014 0.11913699999999998
3 0.5275000000000001 0.40197 0.08749999999999991 0.11913600000000009
3 0.5353125000000001 0.5816135 0.06437500000000007 0.08630299999999994
3 0.5415625 0.7818949999999999 0.06937499999999996 0.10975599999999999
3 0.5475 0.9648220000000001 0.06499999999999995 0.06847999999999983
3 0.5546875 0.11350850000000001 0.07187499999999991 0.099437
3 0.5565625000000001 0.2987805 0.07062500000000016 0.10975699999999997
3 0.54875 0.5009385000000001 0.03249999999999997 0.07504699999999988
3 0.5740624999999999 0.032833 0.0731250000000001 0.065666
3 0.5762499999999999 0.682458 0.07750000000000012 0.10412799999999997
3 0.5809375 0.871951 0.08062499999999995 0.10600400000000008
3 0.5921875000000001 0.20872449999999998 0.0731250000000001 0.09474699999999998
3 0.6134375 0.1027205 0.07687500000000003 0.12101300000000001
3 0.6178125000000001 0.7706375 0.06312499999999988 0.12101300000000001
3 0.6221875 0.9507505 0.06937499999999996 0.09662299999999986
3 0.6315625 0.283771 0.07187499999999991 0.10600399999999992
3 0.6487499999999999 0.023921000000000005 0.08625000000000016 0.04784200000000001
3 0.6559375000000001 0.6876175 0.0768749999999998 0.09380900000000002
3 0.6590625 0.194184 0.08062499999999995 0.08442800000000003
3 0.6584375 0.8644464999999999 0.07437500000000008 0.132271
3 0.6946875 0.08771099999999998 0.078125 0.10225199999999998
3 0.7012499999999999 0.7734520000000001 0.06499999999999995 0.10412799999999997
3 0.7103125 0.2884615 0.07062499999999994 0.104127
3 0.7334375 0.675891 0.07937499999999997 0.09286999999999998
3 0.7315625 0.1758915 0.07437500000000008 0.12101300000000001
3 0.7321875 0.032833 0.0731250000000001 0.065666
3 0.7834375 0.09802999999999999 0.07562500000000005 0.11538400000000001
3 0.7896875 0.27345200000000003 0.08812500000000001 0.11538400000000001
3 0.808125 0.46576 0.04875000000000007 0.1228900000000001
3 0.7984374999999999 0.5806749999999999 0.02187500000000009 0.08818000000000002
3 0.8334375 0.3653845 0.07562500000000005 0.104127
3 0.86 0.08395850000000002 0.09125000000000005 0.12101300000000001
3 0.8659375 0.272514 0.07187499999999991 0.11725999999999998
3 0.9125000000000001 0.19183849999999997 0.0887500000000001 0.11726100000000002
3 0.953125 0.09146349999999999 0.09250000000000003 0.121013