3 0.321072 0.350498 0.158354 0.17608000000000004
3 0.390274 0.523256 0.19451399999999996 0.2558140000000001
3 0.447631 0.7159469999999999 0.16458799999999996 0.2358800000000001
3 0.74813 0.20265799999999998 0.16708200000000017 0.22923600000000002
3 0.7300500000000001 0.37956799999999996 0.09601000000000015 0.224252
3 0.8827929999999999 0.37458450000000004 0.18204399999999987 0.25747500000000006
0 0.182045 0.568106 0.19700799999999996 0.27907
0 0.2194515 0.6686045 0.438903 0.6395350000000002
0 0.8354115 0.27159500000000003 0.12468900000000005 0.14451799999999992
0 0.922693 0.1137875 0.15212000000000003 0.227575
0 0.9519949999999999 0.30481749999999996 0.09351600000000015 0.26079700000000006