3 0.22499999999999998 0.4442885 0.09250000000000003 0.10393299999999991
3 0.2740625 0.41479400000000005 0.028124999999999956 0.0636699999999999
3 0.400625 0.5875469999999999 0.08750000000000002 0.12078599999999996
3 0.4359375 0.6587080000000001 0.05812499999999998 0.04400800000000008
3 0.47124999999999995 0.6034645000000001 0.06125000000000003 0.13014899999999988
3 0.50125 0.5449440000000001 0.05750000000000011 0.0636699999999999
3 0.50375 0.6601125 0.050000000000000044 0.07490700000000004
3 0.55125 0.39747200000000005 0.08125000000000004 0.10954999999999995
3 0.525625 0.7148880000000001 0.02124999999999999 0.05711600000000007
3 0.5700000000000001 0.5416665 0.05624999999999991 0.10955100000000008
3 0.6628125 0.556648 0.08062499999999995 0.12078599999999996
3 0.6640625 0.70927 0.03687499999999999 0.04588000000000005
3 0.7262500000000001 0.804307 0.03500000000000014 0.08614199999999993
3 0.940625 0.786049 0.040000000000000036 0.0683520000000001
3 0.9715625 0.8300559999999999 0.0318750000000001 0.05711600000000007