3 0.073125 0.78875 0.07 0.08750000000000006
3 0.12656250000000002 0.7429169999999999 0.055625000000000036 0.04750000000000002
3 0.12843749999999998 0.8099999999999999 0.059374999999999956 0.08666599999999984
3 0.1365625 0.89875 0.05687500000000001 0.08750000000000006
3 0.15281250000000002 0.71375 0.05812499999999998 0.07250000000000008
3 0.18593749999999998 0.7954169999999999 0.05812499999999998 0.07749999999999997
3 0.188125 0.8770835 0.0625 0.08916699999999977
3 0.18937500000000002 0.9358335000000001 0.053749999999999964 0.031666999999999966
3 0.2159375 0.7345830000000001 0.060624999999999984 0.08250000000000017
3 0.245 0.9129170000000001 0.04874999999999996 0.07749999999999997
3 0.2525 0.842917 0.036250000000000004 0.0625
3 0.2571875 0.7920835 0.034375000000000044 0.08083300000000015
3 0.3684375 0.8125 0.05812499999999998 0.09166600000000003
3 0.39875000000000005 0.8883335 0.07000000000000006 0.09833299999999993
3 0.403125 0.9591664999999999 0.06625000000000003 0.0666670000000001
3 0.4290625 0.81625 0.055625000000000036 0.0674999999999999
3 0.46187500000000004 0.8866665 0.04875000000000007 0.0666670000000001
3 0.47343749999999996 0.9375 0.05687500000000001 0.07166599999999985
3 0.48906249999999996 0.8316664999999999 0.03312500000000007 0.0666670000000001
3 0.5228125 0.9054165 0.0618749999999999 0.08416700000000017
3 0.5534375 0.88625 0.05312500000000009 0.07583400000000011