0 0.145872 0.8840625 0.261726 0.17937499999999984
0 0.11726099999999998 0.6890624999999999 0.048779999999999976 0.030625000000000124
0 0.18105049999999998 0.7775000000000001 0.048781000000000026 0.01750000000000007
0 0.3757035 0.8609375 0.05909899999999993 0.038124999999999964
0 0.403846 0.8165625000000001 0.06472799999999992 0.04062499999999991
0 0.42823649999999996 0.3228125 0.05722299999999998 0.03937500000000005
0 0.4310505 0.9175 0.05159499999999995 0.027499999999999858
0 0.423077 0.524375 0.020637999999999917 0.022499999999999964
0 0.5037520000000001 0.2740625 0.06378999999999986 0.04062500000000002
0 0.49108849999999993 0.66875 0.032832999999999994 0.032500000000000195
0 0.49390249999999997 0.4815625 0.038461000000000016 0.02562500000000001
0 0.5150095000000001 0.3371875 0.076923 0.04062499999999991
0 0.510319 0.74125 0.046903999999999856 0.04125000000000001
0 0.533302 0.48812500000000003 0.045966000000000125 0.03249999999999997
0 0.5830205 0.8790625 0.1360229999999999 0.203125
0 0.5605065 0.669375 0.05909899999999993 0.03750000000000009
0 0.601313 0.389375 0.06379000000000003 0.03249999999999997
0 0.6693245000000001 0.0959375 0.16416499999999995 0.191875
0 0.664165 0.6971875000000001 0.06191400000000008 0.030625000000000124
0 0.7256095 0.459375 0.08161299999999996 0.05249999999999999
0 0.727955 0.715625 0.05628600000000006 0.03750000000000009
0 0.742026 0.3234375 0.06379000000000003 0.030625000000000013
0 0.7631334999999999 0.36125 0.07973700000000018 0.05125000000000002
0 0.7706375000000001 0.6543749999999999 0.05347099999999991 0.027499999999999858
0 0.7715759999999999 0.626875 0.051594000000000154 0.020000000000000018
0 0.786116 0.40718750000000004 0.06378999999999986 0.034375000000000044
0 0.8076925 0.378125 0.05065700000000006 0.02749999999999997
0 0.8733584999999999 0.69875 0.06941899999999986 0.027499999999999858