3 0.3273435 0.626562 0.13906299999999994 0.125
3 0.15625 0.5601565 0.05937399999999998 0.09531299999999998
3 0.2718755 0.30937499999999996 0.16562500000000002 0.10312600000000005
3 0.22734349999999998 0.621875 0.051563000000000025 0.03750000000000009
3 0.251562 0.580469 0.03749999999999998 0.04843799999999998
3 0.310156 0.5101565 0.09218799999999994 0.09218700000000002
3 0.377344 0.314844 0.07968799999999998 0.07968799999999998
3 0.39765649999999997 0.545312 0.07343699999999997 0.07499999999999996
3 0.45625000000000004 0.246875 0.13749999999999996 0.07499999999999996
3 0.47343799999999997 0.1710935 0.09999999999999998 0.07031299999999996
3 0.477344 0.4960935 0.07656200000000002 0.057813
3 0.4890625 0.3640625 0.09062500000000007 0.07500099999999998
3 0.550781 0.423437 0.14843800000000007 0.08750000000000002
3 0.542969 0.59375 0.06718800000000003 0.07499999999999996
3 0.5804689999999999 0.54375 0.11406200000000011 0.06875000000000009
3 0.5703125 0.0390625 0.09062499999999996 0.05937500000000001
3 0.6210935 0.4585935 0.10468699999999997 0.08906300000000011
3 0.614844 0.299219 0.07343799999999989 0.12343799999999994
3 0.6328125 0.11406250000000001 0.09062499999999996 0.10624900000000004
3 0.6265625 0.582031 0.07499900000000004 0.06406199999999984
3 0.694531 0.2749995 0.04218799999999989 0.08437499999999998
3 0.721875 0.101563 0.03125 0.0875
3 0.7484375 0.314062 0.07499900000000004 0.08750000000000002
3 0.7460935 0.46640650000000006 0.04843699999999984 0.12656299999999998
3 0.810937 0.277344 0.043749999999999956 0.07031200000000004