0 0.2684375 0.40195300000000006 0.12312500000000004 0.1335939999999999
0 0.46062499999999995 0.3414065 0.60375 0.43281299999999995
0 0.348125 0.3843754999999999 0.36749999999999994 0.34687500000000004
0 0.3934375 0.821875 0.10562499999999997 0.1421880000000001
0 0.479375 0.773828 0.2775000000000001 0.3351560000000001
0 0.405 0.6914060000000001 0.09624999999999995 0.11874999999999988
0 0.4715625 0.7632809999999999 0.09937499999999999 0.13906200000000019
0 0.4903125 0.8800779999999999 0.104375 0.12890599999999977
0 0.499375 0.666406 0.09999999999999987 0.12031200000000014
0 0.5659375 0.7761720000000001 0.10687500000000005 0.14140599999999998
0 0.6609375 0.588281 0.1343749999999999 0.15625
0 0.7090624999999999 0.7496090000000001 0.13187499999999996 0.1664059999999999
0 0.7909375 0.616406 0.11937500000000001 0.15781200000000012