0 0.41031249999999997 0.789167 0.11937500000000001 0.1300000000000002
0 0.0175 0.36625 0.035 0.07749999999999997
0 0.0628125 0.18874999999999997 0.125625 0.18416599999999997
0 0.075625 0.597917 0.10249999999999998 0.11249999999999998
0 0.1296875 0.0654165 0.01937500000000003 0.01916699999999999
0 0.1540625 0.1854165 0.023125000000000007 0.035833000000000004
0 0.16593750000000002 0.1229165 0.01937500000000003 0.019167000000000007
0 0.170625 0.0945835 0.017500000000000016 0.024166999999999977
0 0.20656249999999998 0.2970835 0.05687500000000001 0.06083299999999999
0 0.5453125000000001 0.4479165 0.7206250000000001 0.399167
0 0.20218750000000002 0.25125 0.024375000000000036 0.020833999999999946
0 0.226875 0.25999999999999995 0.03749999999999998 0.045000000000000005
0 0.2578125 0.6345835000000001 0.09187500000000004 0.12416699999999992
0 0.26656250000000004 0.331667 0.05812499999999998 0.06000000000000005
0 0.2571875 0.220417 0.028124999999999956 0.03749999999999994
0 0.344375 0.67125 0.10250000000000004 0.12083400000000004
0 0.35062499999999996 0.22416650000000002 0.04249999999999998 0.041666999999999975
0 0.35531250000000003 0.14875000000000002 0.028124999999999956 0.025833999999999985
0 0.445625 0.6916665000000001 0.08750000000000002 0.11666699999999992
0 0.5090625 0.1895835 0.03312500000000007 0.040832999999999973
0 0.6465625 0.19291650000000002 0.026874999999999982 0.024166999999999977