1 0.6490625000000001 0.5945835 0.12562499999999988 0.13083299999999998
1 0.3425 0.36999999999999994 0.20625000000000004 0.17333399999999996
1 0.345 0.4191665 0.19124999999999992 0.1716670000000001
1 0.3765625 0.2358335 0.130625 0.14333300000000002
1 0.3840625 0.5475 0.13687500000000008 0.16999999999999993
1 0.419375 0.620417 0.10499999999999998 0.13750000000000004
1 0.5078125 0.17124999999999999 0.05687500000000001 0.17583399999999996
1 0.553125 0.64125 0.07000000000000006 0.13083400000000012
1 0.61625 0.17124999999999999 0.10875000000000012 0.24416600000000002
1 0.708125 0.4845835 0.18625000000000003 0.07583299999999997
1 0.7209375 0.3225 0.12437500000000012 0.14500000000000002