3 0.02875 0.9831145000000001 0.0575 0.030018999999999758
3 0.03125 0.5891185 0.0625 0.44277699999999987
3 0.051875 0.38836800000000005 0.10375 0.3039400000000001
3 0.12875 0.1332085 0.2575 0.266417
3 0.22375 0.8649155 0.42500000000000004 0.26641700000000007
3 0.284375 0.141651 0.33375 0.283302
3 0.459375 0.522514 0.45625000000000004 0.7448400000000001
3 0.558125 0.860225 0.31625000000000014 0.268292
3 0.514375 0.064728 0.1712499999999999 0.129456
3 0.671875 0.36960600000000005 0.29374999999999996 0.5365860000000001
3 0.7381249999999999 0.154784 0.2762500000000001 0.309568
3 0.7275 0.7467164999999999 0.15749999999999997 0.40150099999999994
3 0.90375 0.6819885000000001 0.18999999999999995 0.5722329999999999
3 0.951875 0.2016885 0.09375 0.403377