3 0.07509399999999998 0.24125 0.15018799999999996 0.27875
3 0.0897995 0.0934375 0.179599 0.184375
3 0.149562 0.781875 0.299124 0.37250000000000005
3 0.17240300000000003 0.4384375 0.34230200000000005 0.31437499999999996
3 0.21088850000000003 0.1940625 0.131415 0.174375
3 0.28535649999999996 0.0621875 0.262829 0.124375
3 0.29411750000000003 0.9325 0.20525699999999994 0.13375000000000004
3 0.30350399999999994 0.676875 0.12140200000000002 0.10125000000000006
3 0.46652099999999996 0.8084374999999999 0.338548 0.3743750000000001
3 0.5265960000000001 0.075625 0.17834800000000003 0.14875
3 0.6914895 0.868125 0.26157699999999995 0.26125
3 0.7215270000000001 0.25249999999999995 0.32165200000000016 0.28374999999999995
3 0.7086985 0.0459375 0.248435 0.091875
3 0.8216519999999999 0.5974999999999999 0.27909799999999985 0.34125000000000005
3 0.910826 0.12375 0.17709600000000003 0.2475
3 0.8889235000000001 0.9365625 0.123279 0.10812500000000003
3 0.9486855000000001 0.34875 0.10137699999999987 0.19625000000000004
3 0.9583855 0.8740625 0.07697099999999994 0.20187500000000003
3 0.971527 0.6828125 0.05569400000000001 0.24562499999999998