3 0.0796875 0.6575984999999999 0.135625 0.230769
3 0.15875 0.4521575 0.15125 0.20825499999999997
3 0.190625 0.2720455 0.15374999999999994 0.206379
3 0.20656249999999998 0.7345215 0.16062500000000002 0.21951299999999996
3 0.190625 0.608818 0.06874999999999998 0.07504600000000008
3 0.2821875 0.5098499999999999 0.104375 0.1960599999999999
3 0.29281250000000003 0.106473 0.125625 0.19043199999999996
3 0.34125 0.8442779999999999 0.16249999999999998 0.12757999999999972
3 0.3071875 0.2894 0.06937499999999996 0.12851799999999997
3 0.3278125 0.6787055 0.06437499999999996 0.19981299999999994
3 0.3725 0.1998125 0.10750000000000004 0.168855
3 0.3759375 0.3405255 0.083125 0.09193300000000006
3 0.4 0.46763600000000005 0.11125000000000007 0.1848019999999999
3 0.4403125 0.6585365 0.17687500000000012 0.2983110000000001
3 0.4509375 0.8982175 0.07437499999999997 0.06097500000000005
3 0.528125 0.304878 0.16500000000000004 0.236398
3 0.555625 0.7837714999999998 0.19999999999999996 0.24859299999999973
3 0.5665625000000001 0.46529099999999995 0.1343749999999999 0.22326400000000007
3 0.5890625 0.9324579999999999 0.17937499999999984 0.13320800000000008
3 0.64375 0.564259 0.20250000000000012 0.28611600000000004
3 0.6403125 0.09803 0.161875 0.19606
3 0.735 0.8020635000000002 0.20999999999999996 0.31144499999999986
3 0.729375 0.30112550000000005 0.18625000000000003 0.23264499999999996
3 0.7834375 0.4643525 0.12437500000000012 0.16697900000000013
3 0.8103125 0.6257035000000001 0.12187499999999996 0.14446499999999993
3 0.8184374999999999 0.964353 0.12312499999999993 0.0675420000000001
3 0.88625 0.23780500000000002 0.13874999999999993 0.197936
3 0.924375 0.7462475 0.1499999999999999 0.2767350000000001
3 0.9253125 0.4165105 0.13687499999999986 0.22889300000000004
3 0.9375 0.5609755000000001 0.10749999999999993 0.07129499999999998
3 0.9437500000000001 0.8864915 0.10749999999999993 0.21200699999999986
3 0.9775 0.21951249999999997 0.04375000000000018 0.16135100000000002