3 0.0534375 0.4 0.106875 0.11125000000000007
3 0.06125 0.82125 0.1225 0.23625000000000007
3 0.08562499999999999 0.2865625 0.145 0.12312500000000004
3 0.08156250000000001 0.18906250000000002 0.081875 0.07187500000000002
3 0.18406250000000002 0.681875 0.23562499999999997 0.2237499999999999
3 0.2009375 0.9228125 0.17062500000000003 0.14187499999999997
3 0.1821875 0.145625 0.09187499999999998 0.10749999999999998
3 0.30874999999999997 0.313125 0.27 0.24750000000000005
3 0.2959375 0.1703125 0.15187499999999998 0.11312499999999998
3 0.328125 0.091875 0.15874999999999995 0.0925
3 0.395 0.7715624999999999 0.25125 0.2531249999999998
3 0.404375 0.5571875 0.19499999999999995 0.18937500000000007
3 0.435 0.40249999999999997 0.10250000000000004 0.12624999999999997
3 0.41812499999999997 0.0421875 0.05125000000000002 0.081875
3 0.45718749999999997 0.13874999999999998 0.109375 0.11124999999999996
3 0.54 0.9128125 0.26125 0.17312499999999997
3 0.5659375 0.479375 0.2406250000000001 0.23249999999999993
3 0.6268750000000001 0.7206250000000001 0.2549999999999999 0.2549999999999999
3 0.5659375 0.0234375 0.08687500000000004 0.026874999999999996
3 0.6212500000000001 0.13343750000000001 0.17125000000000012 0.15187500000000004
3 0.6390625000000001 0.0228125 0.05312500000000009 0.045625
3 0.7196875 0.0415625 0.11812500000000004 0.083125
3 0.7931250000000001 0.8965624999999999 0.2650000000000001 0.20562499999999995
3 0.7625 0.10375000000000001 0.135 0.13375000000000004
3 0.8178125 0.53 0.21562500000000018 0.21999999999999997
3 0.83375 0.7215625 0.17249999999999988 0.17937500000000006
3 0.8528125 0.208125 0.12812500000000004 0.13
3 0.8971875 0.1328125 0.11812500000000004 0.11312499999999998
3 0.9403125 0.3684375 0.11812500000000004 0.17437499999999995
3 0.9428125 0.8656250000000001 0.11312500000000014 0.23625000000000007
3 0.9546875 0.65875 0.08937499999999998 0.19125000000000014
3 0.9537500000000001 0.5009375 0.05624999999999991 0.06687500000000002