3 0.0980395 0.6756535 0.07516299999999998 0.076797
3 0.097222 0.977124 0.06045800000000001 0.042483999999999966
3 0.285948 0.5751634999999999 0.19607799999999997 0.17647099999999982
3 0.235294 0.984477 0.052288 0.02777800000000008
3 0.4370915 0.5988565 0.158497 0.16830100000000003
3 0.4191175 0.878268 0.053921 0.053922000000000025
3 0.43709149999999997 0.993464 0.04084899999999991 0.009803999999999924
3 0.4436275 0.9346405 0.053921 0.05882300000000007
3 0.4632355 0.96732 0.057188999999999934 0.02287600000000012
3 0.5735295 0.6617645 0.16339900000000007 0.12745099999999998
3 0.7933005 0.6552285 0.08006499999999983 0.11111099999999996
3 0.8611115 0.6650324999999999 0.10457500000000008 0.1209150000000001
3 0.885621 0.9346405 0.10130799999999995 0.11437900000000001
3 0.9566995 0.9223855000000001 0.0833330000000001 0.11601300000000014