3 0.17697600000000002 0.8512500000000001 0.161512 0.19625000000000004
3 0.15051549999999997 0.17812499999999998 0.10171899999999998 0.09750000000000003
3 0.1213055 0.06468750000000001 0.039175 0.09562500000000002
3 0.137457 0.595 0.06323000000000001 0.08000000000000007
3 0.1597935 0.45218749999999996 0.105155 0.08187499999999992
3 0.1319585 0.379375 0.030240999999999955 0.07000000000000006
3 0.176976 0.5053125 0.10515400000000003 0.109375
3 0.21271500000000002 0.078125 0.14639200000000005 0.1225
3 0.2247425 0.6034375 0.10309299999999999 0.06687500000000002
3 0.224742 0.395 0.08109999999999999 0.07374999999999998
3 0.298969 0.17875 0.15807599999999997 0.11249999999999999
3 0.25876299999999997 0.4703125 0.05841999999999997 0.06687500000000002
3 0.3694155 0.8553125 0.23161500000000002 0.21562499999999996
3 0.3281785 0.599375 0.10652900000000001 0.05125000000000002
3 0.31580749999999996 0.39 0.07903699999999994 0.07374999999999998
3 0.3714775 0.493125 0.1821310000000001 0.16374999999999995
3 0.379725 0.08750000000000002 0.14226799999999992 0.135
3 0.458419 0.9646874999999999 0.18419199999999994 0.04062499999999991
3 0.471821 0.180625 0.15738799999999997 0.11249999999999999
3 0.45773199999999997 0.6053124999999999 0.09622000000000004 0.06312499999999988
3 0.513402 0.5309375 0.11271399999999998 0.11937500000000001
3 0.5195875 0.8887499999999999 0.10721700000000012 0.14875000000000016
3 0.5168385 0.42562500000000003 0.06735299999999991 0.08374999999999999
3 0.5573885000000001 0.09000000000000002 0.1374570000000001 0.15000000000000002
3 0.554639 0.476875 0.08659799999999988 0.05999999999999994
3 0.5687285 0.61125 0.0886590000000001 0.05125000000000002
3 0.6735395000000001 0.8690625000000001 0.23092700000000002 0.21812500000000012
3 0.6426115 0.1871875 0.1580749999999998 0.109375
3 0.6312715000000001 0.54 0.09003500000000006 0.10749999999999993
3 0.6333335000000001 0.453125 0.04879699999999984 0.04625000000000001
3 0.664261 0.6053124999999999 0.08866000000000002 0.05312500000000009
3 0.6728525 0.3890625 0.07560100000000017 0.07187499999999991
3 0.7237115 0.09875 0.16494899999999993 0.16375
3 0.7206185 0.48375 0.08041299999999992 0.10749999999999993
3 0.7865975000000001 0.6121875 0.12989700000000007 0.07687500000000003
3 0.8024055000000001 0.208125 0.14914100000000013 0.15125
3 0.7639175 0.879375 0.050170999999999986 0.15749999999999997
3 0.8223370000000001 0.9596875 0.1560140000000001 0.061875000000000124
3 0.802749 0.401875 0.09759400000000018 0.08749999999999991
3 0.829553 0.523125 0.10721599999999984 0.10375000000000001
3 0.8446735000000001 0.854375 0.10309299999999999 0.14874999999999994
3 0.8532645 0.0978125 0.0831610000000002 0.145625
3 0.862543 0.4546875 0.07834999999999988 0.06687500000000002
3 0.8738830000000001 0.3984375 0.044674 0.05687500000000001
3 0.8810994999999999 0.595625 0.041236999999999815 0.05125000000000002