3 0.38249999999999995 0.34444450000000004 0.09125000000000005 0.10888899999999996
3 0.043125 0.685 0.08625 0.22777799999999992
3 0.08937500000000001 0.8805554999999999 0.16250000000000003 0.23666700000000004
3 0.16562500000000002 0.6766665000000001 0.16125 0.2933329999999999
3 0.23625000000000002 0.8905555 0.14625 0.21666699999999986
3 0.320625 0.68 0.16125 0.24666599999999997
3 0.393125 0.8988889999999999 0.14 0.20000000000000007
3 0.45718749999999997 0.692778 0.12687500000000007 0.2522220000000001
3 0.54125 0.8916664999999999 0.14874999999999994 0.21444500000000014
3 0.6065625 0.682222 0.150625 0.24000000000000002
3 0.6865625 0.8738889999999999 0.12687500000000007 0.25
3 0.735625 0.6527780000000001 0.10749999999999993 0.23222200000000015
3 0.8040625 0.878333 0.13187499999999996 0.23222200000000015
3 0.8600000000000001 0.6627774999999999 0.14124999999999988 0.23888899999999996
3 0.933125 0.87 0.10250000000000004 0.253334
3 0.9650000000000001 0.6605560000000001 0.06875000000000009 0.23000000000000004