3 0.0409375 0.735171 0.081875 0.349206
3 0.0640625 0.40977449999999993 0.128125 0.35004099999999994
3 0.0871875 0.1407685 0.174375 0.26649900000000004
3 0.15375 0.632832 0.16499999999999998 0.309942
3 0.18062499999999998 0.33751050000000005 0.12874999999999998 0.228905
3 0.3025 0.7715120000000001 0.3075 0.4152040000000001
3 0.3103125 0.39348399999999994 0.28437500000000004 0.340852
3 0.50875 0.5196320000000001 0.32375 0.40434400000000026
3 0.514375 0.25731000000000004 0.20124999999999993 0.13032599999999994
3 0.5190625 0.751462 0.12187499999999996 0.08270600000000017
3 0.7334375 0.7581454999999999 0.31937499999999996 0.4168750000000001
3 0.7234375 0.3993315 0.2706249999999999 0.34252300000000013
3 0.8981250000000001 0.6349205 0.20250000000000012 0.3358390000000001