3 0.1721875 0.5112570000000001 0.20187500000000003 0.285178
3 0.45843749999999994 0.259381 0.13937500000000003 0.2767359999999999
3 0.451875 0.9193245 0.11874999999999991 0.15009300000000012
3 0.5146875 0.34709199999999996 0.04187500000000011 0.15197000000000005
3 0.5275 0.6482175 0.0625 0.1613510000000001
3 0.5571875 0.9465290000000001 0.06562499999999982 0.1050659999999997
3 0.5665625 0.312383 0.038124999999999964 0.17073200000000002
3 0.6178125 0.34427749999999996 0.07937499999999997 0.18011300000000008
3 0.6699999999999999 0.424015 0.10124999999999984 0.17823599999999998
3 0.86375 0.6566605 0.09499999999999997 0.22514099999999998
3 0.96875 0.8114445 0.06125000000000003 0.142589