3 0.0634375 0.2000935 0.126875 0.400187
3 0.094375 0.625586 0.18875 0.4320520000000001
3 0.210625 0.0417055 0.24875000000000003 0.083411
3 0.2565625 0.2900655 0.27937499999999993 0.4283030000000001
3 0.3296875 0.9147145000000001 0.379375 0.168697
3 0.35125000000000006 0.6288659999999999 0.31499999999999995 0.3692599999999999
3 0.5387500000000001 0.363168 0.345 0.49203399999999997
3 0.5634375 0.0904405 0.3343750000000001 0.180881
3 0.6603125 0.8064669999999999 0.33562500000000006 0.38519199999999987
3 0.8121875000000001 0.3584815 0.28312500000000007 0.5051549999999999
3 0.86 0.738988 0.1975 0.33270799999999995
3 0.89625 0.1269915 0.20625000000000004 0.253983
3 0.9321875 0.9062795 0.1343749999999999 0.18556700000000015
3 0.963125 0.577788 0.07250000000000001 0.48641