3 0.406875 0.849375 0.11624999999999996 0.10624999999999996
3 0.16062500000000002 0.716875 0.13624999999999998 0.14625
3 0.23062500000000002 0.78625 0.05874999999999997 0.09250000000000003
3 0.290625 0.84375 0.08624999999999994 0.10250000000000004
3 0.44875 0.930625 0.10499999999999998 0.10124999999999984
3 0.4825 0.7406250000000001 0.06999999999999995 0.11125000000000007
3 0.548125 0.78125 0.09375 0.11749999999999994
3 0.56375 0.9043749999999999 0.10250000000000004 0.0987499999999999
3 0.639375 0.964375 0.1312500000000001 0.06125000000000003
3 0.650625 0.84875 0.0987499999999999 0.11749999999999994
3 0.6637500000000001 0.72125 0.0924999999999998 0.10000000000000009
3 0.690625 0.6837500000000001 0.09375 0.09750000000000014
3 0.765625 0.924375 0.10125000000000006 0.11125000000000007