3 0.474375 0.7265625 0.15250000000000008 0.11187499999999995
3 0.14125000000000001 0.5621875 0.1175 0.12812500000000004
3 0.3309375 0.674375 0.11812500000000004 0.1299999999999999
3 0.33625 0.5990625 0.09750000000000003 0.08187500000000014
3 0.3565625 0.5403125 0.10812500000000003 0.08687500000000004
3 0.44718749999999996 0.5821875 0.10062499999999996 0.109375
3 0.6325000000000001 0.48031250000000003 0.10250000000000004 0.11812500000000004
3 0.6896875 0.7878125 0.10812500000000003 0.13812500000000005
3 0.673125 0.42562500000000003 0.05125000000000002 0.07374999999999998
3 0.7309375 0.5196875 0.12812500000000004 0.11812500000000004
3 0.7340625000000001 0.4128125 0.0831249999999999 0.10562500000000008
3 0.7581249999999999 0.3471875 0.05624999999999991 0.03562500000000002
3 0.825625 0.3803125 0.11249999999999982 0.13312500000000005
3 0.8459375 0.5 0.12312499999999993 0.13624999999999998
3 0.8928125 0.4128125 0.04937499999999995 0.09562500000000007