1 0.0096875 0.5159475 0.019375 0.07504700000000004
1 0.071875 0.628987 0.07125000000000001 0.2767360000000001
1 0.060312500000000005 0.4901500000000001 0.03562499999999999 0.18105
1 0.120625 0.5300185 0.04874999999999999 0.10131300000000015
1 0.151875 0.626173 0.05499999999999999 0.2598500000000001
1 0.17625000000000002 0.530488 0.05874999999999997 0.11163200000000012
1 0.26 0.6271105 0.05625000000000002 0.24671699999999996
1 0.353125 0.6200749999999999 0.05249999999999999 0.290806
1 0.4309375 0.6135085 0.04437500000000005 0.27392099999999997
1 0.57125 0.3517825 0.05125000000000002 0.076923
1 0.6234375000000001 0.5426829999999999 0.0731250000000001 0.41181999999999996
1 0.813125 0.623358 0.37250000000000005 0.7157600000000001
1 0.6725 0.540338 0.07250000000000001 0.395872
1 0.6665625 0.430113 0.014374999999999805 0.1303939999999999
1 0.69875 0.41463449999999996 0.04125000000000001 0.18386499999999997