0 0.22750000000000004 0.17375000000000002 0.07500000000000002 0.03874999999999995
0 0.25208349999999996 0.2025 0.07083299999999992 0.05125000000000002
0 0.3491665 0.5921875 0.08666699999999998 0.05812499999999998
0 0.37875 0.7946875 0.08249999999999987 0.059374999999999956
0 0.3979165 0.8440624999999999 0.08416700000000003 0.06312499999999988
0 0.40583349999999996 0.614375 0.08666699999999998 0.06125000000000003
0 0.4070835 0.5631250000000001 0.07916699999999999 0.047499999999999876
0 0.41875 0.309375 0.08916599999999993 0.05625000000000002
0 0.4458330000000001 0.833125 0.08000000000000007 0.05125000000000002
0 0.45375000000000004 0.2309375 0.07749999999999997 0.04562499999999997
0 0.44958349999999997 0.0275 0.059167000000000115 0.0375
0 0.45625 0.2721875 0.07250000000000008 0.06312499999999999
0 0.54625 0.42125 0.22083399999999997 0.1812499999999999
0 0.505 0.2659375 0.061666000000000075 0.05812499999999998
0 0.53375 0.2034375 0.07749999999999997 0.05312499999999998
0 0.6120835 0.169375 0.08416700000000003 0.05249999999999999
0 0.62 0.1146875 0.08666599999999984 0.05937500000000001
0 0.6716669999999999 0.148125 0.07499999999999989 0.05499999999999999
0 0.6691664999999999 0.5446875 0.05166700000000013 0.04437500000000005
0 0.7020835 0.5325 0.04583300000000001 0.05125000000000002