0 0.12 0.483209 0.16500000000000004 0.264926
0 0.15125 0.811567 0.1725 0.2574619999999998
0 0.16249999999999998 0.13806 0.16999999999999998 0.261194
0 0.3175 0.4757465 0.17500000000000004 0.28731300000000004
0 0.33999999999999997 0.8432835 0.135 0.18656699999999998
0 0.35875 0.16417900000000002 0.1725 0.22388
0 0.52 0.483209 0.16999999999999993 0.264926
0 0.51875 0.8264925 0.15749999999999997 0.24253700000000009
0 0.5387500000000001 0.16417900000000002 0.14749999999999996 0.22388
0 0.71625 0.46641800000000005 0.1825000000000001 0.2910439999999999
0 0.71375 0.164179 0.14749999999999996 0.246268
0 0.71625 0.8451495 0.14250000000000007 0.19776100000000013
0 0.885 0.164179 0.14500000000000002 0.208956
0 0.9 0.847015 0.15500000000000003 0.2164179999999999
0 0.90875 0.516791 0.15249999999999986 0.21268600000000001