0 0.24916649999999999 0.9453125 0.15833299999999997 0.109375
0 0.14125 0.9084375 0.13916599999999998 0.08562500000000006
0 0.2741665 0.7646875 0.18666700000000006 0.07187499999999991
0 0.2983335 0.8559375 0.16666699999999998 0.07687500000000003
0 0.31333300000000003 0.7921875 0.10000000000000009 0.11312500000000014
0 0.6058335 0.611875 0.0666670000000001 0.10749999999999993
0 0.6595829999999999 0.8040625 0.12749999999999995 0.19187500000000002
0 0.6629165 0.6128125 0.08416699999999988 0.07562500000000005
0 0.6741665 0.6775 0.09833299999999993 0.06125000000000003
0 0.79625 0.7203125 0.1775000000000002 0.09937499999999999
0 0.8304170000000001 0.9153125 0.22749999999999973 0.07187499999999991
0 0.8112499999999999 0.9753125 0.12083400000000004 0.04812499999999997
0 0.947917 0.9768749999999999 0.10250000000000004 0.04499999999999993