2 0.4996875 0.6899775 0.999375 0.17726299999999995
2 0.3846875 0.5474945 0.688125 0.20643299999999995
2 0.4609375000000001 0.8571430000000001 0.7631250000000002 0.23186200000000015
2 0.47718750000000004 0.27337300000000003 0.6468750000000001 0.23859399999999997
2 0.6303124999999999 0.5527299999999999 0.7381249999999999 0.20942399999999997
2 0.505 0.3754675 0.3812500000000001 0.12715100000000001
2 0.4925 0.1379955 0.34125 0.06357499999999998
2 0.421875 0.2030665 0.14875000000000008 0.063575
2 0.45875 0.0815255 0.185 0.03590099999999998
2 0.5459375 0.163052 0.1531250000000002 0.079282
2 0.67375 0.39902750000000003 0.3424999999999999 0.19371699999999992
2 0.58625 0.09311900000000001 0.15374999999999986 0.053104000000000005