2 0.184375 0.17213900000000001 0.09999999999999998 0.257974
2 0.2009375 0.347561 0.07937499999999997 0.26172600000000007
2 0.281875 0.480769 0.19999999999999996 0.2823640000000001
2 0.3015625 0.10928699999999998 0.114375 0.21857399999999996
2 0.27531249999999996 0.23827350000000005 0.038124999999999964 0.07504700000000004
2 0.33687500000000004 0.22607849999999996 0.09499999999999997 0.20825499999999997
2 0.368125 0.226079 0.07250000000000001 0.16885599999999998
2 0.44999999999999996 0.419325 0.15500000000000003 0.609756
2 0.57375 0.49953099999999995 0.2650000000000001 0.9990619999999999
2 0.6840625 0.575985 0.328125 0.846154
2 0.7921875 0.6519699999999999 0.37312499999999993 0.6941839999999999