0 0.0925 0.3041665 0.05499999999999999 0.088333
0 0.1253125 0.6958335 0.02812500000000001 0.031666999999999966
0 0.18875 0.317917 0.028749999999999998 0.03250000000000005
0 0.263125 0.472917 0.03249999999999997 0.03250000000000005
0 0.3140625 0.13375 0.05687500000000001 0.080834
0 0.33375 0.9070830000000001 0.03749999999999998 0.03250000000000005
0 0.38125 0.1241665 0.07000000000000006 0.09333300000000004
0 0.379375 0.3541665 0.04249999999999998 0.06333300000000008
0 0.3721875 0.8729169999999998 0.013125000000000053 0.027499999999999858
0 0.42375 0.34875000000000006 0.0675 0.080834
0 0.441875 0.19125 0.06000000000000005 0.0625
0 0.44062500000000004 0.1445835 0.043749999999999956 0.075833
0 0.44437499999999996 0.39416650000000003 0.04875000000000007 0.058333000000000045
0 0.4665625 0.564167 0.059374999999999956 0.05000000000000012
0 0.558125 0.9525 0.028750000000000053 0.03166600000000012
0 0.5740624999999999 0.33166650000000003 0.06062499999999993 0.06666699999999996
0 0.613125 0.0345835 0.08125000000000004 0.069167
0 0.620625 0.0991665 0.04499999999999993 0.06333300000000001
0 0.775625 0.35583349999999997 0.24124999999999996 0.4566670000000001
0 0.8403125 0.16374999999999998 0.07062499999999994 0.09250000000000003