0 0.5258335000000001 0.8134375 0.15666699999999997 0.10687500000000005
0 0.3245835 0.266875 0.47416700000000006 0.13874999999999993
0 0.111667 0.6665625 0.020000000000000018 0.03937500000000016
0 0.11374999999999998 0.5015625 0.02083400000000002 0.030624999999999902
0 0.11750000000000001 0.525625 0.018334 0.01750000000000007
0 0.31083299999999997 0.1471875 0.40499999999999997 0.11812499999999998
0 0.1183335 0.703125 0.011666999999999983 0.023749999999999938
0 0.165 0.05843749999999999 0.08166600000000002 0.06687499999999999
0 0.13791699999999998 0.835 0.022499999999999964 0.04125000000000001
0 0.1445835 0.90125 0.035833000000000004 0.05125000000000002
0 0.29125 0.46499999999999997 0.289166 0.26125
0 0.16874999999999998 0.9459375000000001 0.039166000000000034 0.030625000000000124
0 0.39291649999999995 0.7384375000000001 0.3241670000000001 0.25812500000000016
0 0.39833300000000005 0.9690624999999999 0.23000000000000012 0.06062499999999993
0 0.3904165 0.026250000000000002 0.06416700000000002 0.03125
0 0.47833349999999997 0.44875 0.106667 0.13375000000000004
0 0.4520835 0.05375 0.009167 0.013749999999999998
0 0.5583330000000001 0.9768749999999999 0.125 0.04499999999999993
0 0.5358335 0.008125 0.036667000000000005 0.01625
0 0.5391665 0.0715625 0.006666999999999905 0.006874999999999992
0 0.5470835 0.0753125 0.009167 0.010624999999999996
0 0.5566665000000001 0.010625 0.0233329999999999 0.013750000000000002
0 0.7758335000000001 0.43781249999999994 0.446667 0.30562500000000004
0 0.7770835000000001 0.693125 0.4441670000000002 0.2562500000000001
0 0.56125 0.0871875 0.009166000000000007 0.016875
0 0.5725 0.095625 0.018334000000000145 0.010000000000000009
0 0.7470835 0.9203125000000001 0.134167 0.061875000000000124
0 0.70375 0.12375 0.015833999999999904 0.013749999999999984
0 0.70375 0.13375 0.015833999999999904 0.010000000000000009
0 0.8391670000000001 0.0765625 0.25500000000000017 0.06687500000000002
0 0.7329165 0.13874999999999998 0.01583300000000006 0.01375000000000004
0 0.8508330000000001 0.9665625 0.19999999999999987 0.06562500000000004
0 0.8429165 0.8868750000000001 0.134167 0.10749999999999993
0 0.8195834999999999 0.1809375 0.02916699999999987 0.030625000000000013
0 0.8504165 0.188125 0.014166999999999893 0.01375000000000004
0 0.8595829999999999 0.195625 0.022499999999999964 0.01874999999999999
0 0.9270835000000001 0.903125 0.14416700000000007 0.1499999999999999
0 0.9308335 0.2071875 0.1183329999999998 0.09062500000000001