3 0.0766665 0.7409375 0.153333 0.09937499999999999
3 0.1105555 0.8868750000000001 0.221111 0.11125000000000007
3 0.2294445 0.823125 0.145555 0.0787500000000001
3 0.4027775 0.7821875 0.16333299999999992 0.09562500000000007
3 0.5299999999999999 0.7921875 0.09111199999999996 0.05812499999999998
3 0.6366665 0.7615624999999999 0.146667 0.09562500000000007
3 0.6744445 0.8315625 0.13111100000000006 0.07187499999999991
3 0.8038890000000001 0.8178125 0.16333399999999998 0.06812500000000021
3 0.8022225 0.7718750000000001 0.10666700000000004 0.027499999999999858
3 0.8572225000000001 0.876875 0.17888900000000005 0.07374999999999998
3 0.9355555 0.8259375 0.11777699999999985 0.10187499999999994