0 0.42593749999999997 0.545966 0.06062499999999993 0.09193199999999992
0 0.5009375 0.8334900000000001 0.20187500000000003 0.1941840000000001
0 0.4771875 0.49437149999999996 0.016874999999999973 0.054408999999999964
0 0.5928125 0.7762665000000001 0.06562499999999982 0.04971899999999967
0 0.7803125 0.8982175 0.020624999999999893 0.030956999999999874
0 0.800625 0.904784 0.05125000000000002 0.017824000000000072
0 0.8053125 0.886492 0.034375000000000044 0.022514000000000034
0 0.8065625 0.8939965000000001 0.014375000000000027 0.007505000000000113
0 0.8253124999999999 0.8925894999999999 0.020624999999999893 0.03470900000000011
0 0.9346875 0.6787055 0.12937500000000002 0.05722300000000015
0 0.9421875 0.7556284999999998 0.06562499999999982 0.0459670000000001
0 0.9846874999999999 0.958724 0.014374999999999805 0.07129400000000001