3 0.3359375 0.1706705 0.07187500000000002 0.111111
3 0.068125 0.8103104999999999 0.05499999999999999 0.12312300000000001
3 0.10062499999999999 0.5820825 0.05125000000000002 0.111111
3 0.1625 0.6496500000000001 0.048750000000000016 0.07407400000000006
3 0.211875 0.6661665 0.04999999999999999 0.10710700000000006
3 0.38875000000000004 0.7882885 0.050000000000000044 0.105105
3 0.398125 0.826827 0.03125 0.08208200000000013
3 0.42562500000000003 0.75976 0.04499999999999993 0.09209200000000024
3 0.4734375 0.7777780000000001 0.02562500000000001 0.08008000000000007
3 0.6331249999999999 0.4169165 0.04499999999999993 0.075075
3 0.6543749999999999 0.552553 0.04375000000000018 0.06006
3 0.6603125 0.274274 0.03687499999999999 0.06206199999999997
3 0.708125 0.7277279999999999 0.05624999999999991 0.07807800000000001
3 0.848125 0.1266265 0.046250000000000124 0.07307299999999999