2 0.489375 0.8241670000000001 0.1924999999999999 0.3499999999999999
2 0.5128125 0.5549999999999999 0.2393749999999999 0.881666
2 0.5153125 0.5558335 0.244375 0.8866670000000001
2 0.4890625 0.8250000000000001 0.186875 0.3483340000000001
2 0.6659375 0.7762500000000001 0.20437499999999997 0.44583400000000023
2 0.6665625 0.7825000000000001 0.20062500000000005 0.43333400000000005
2 0.7481249999999999 0.4862499999999999 0.31625000000000014 0.599166
2 0.7959375 0.47583349999999996 0.4068749999999999 0.5783330000000001
2 0.754375 0.797917 0.1612499999999999 0.40250000000000014
2 0.828125 0.6275 0.15375000000000005 0.3000000000000001
2 0.903125 0.625 0.1924999999999999 0.2633339999999998
2 0.8946875000000001 0.837917 0.1656249999999999 0.12750000000000009
2 0.920625 0.8129165 0.15749999999999997 0.12916700000000012