3 0.15869149999999999 0.7936200000000001 0.094727 0.13150999999999988
3 0.2553715 0.736328 0.09863299999999997 0.12109399999999997
3 0.443359 0.9537760000000001 0.09375 0.08984399999999997
3 0.491699 0.8535155 0.09472600000000009 0.12109300000000012
0 0.6918945000000001 0.4921875 0.1123050000000001 0.11718700000000008
0 0.2441405 0.8554689999999999 0.11328100000000002 0.125
0 0.33154300000000003 0.9003909999999999 0.09863200000000005 0.12109399999999997
0 0.396484 0.8535155 0.09375 0.13411500000000012
0 0.41064449999999997 0.7285159999999999 0.08496100000000006 0.12630200000000022
0 0.4125975 0.938802 0.063477 0.07552000000000003
0 0.477051 0.765625 0.09472600000000009 0.08593799999999992
0 0.534668 0.9622394999999999 0.07519600000000004 0.07291699999999975
0 0.698242 0.3320315 0.09765599999999997 0.132813
0 0.734375 0.29362 0.08593800000000007 0.09244799999999993
0 0.7539065 0.4427085 0.109375 0.14583299999999996
0 0.7734375 0.9791664999999999 0.10156300000000007 0.039062999999999924
0 0.8618165 0.9700519999999999 0.08886700000000003 0.05729199999999975
0 0.9267575 0.9251304999999999 0.09960900000000006 0.14453100000000005
1 0.5927735 0.4388025 0.203125 0.10677099999999988
1 0.5976565 0.39973949999999997 0.19335900000000006 0.07552100000000002
1 0.594727 0.4967445 0.0800780000000001 0.05078100000000004