2 0.4175 0.29454549999999996 0.10250000000000004 0.13818100000000008
2 0.138125 0.3936365 0.10249999999999998 0.14727300000000004
2 0.19968750000000002 0.453636 0.11062499999999997 0.11818199999999993
2 0.20875 0.698636 0.11250000000000004 0.168182
2 0.3815625 0.721818 0.09687500000000004 0.07636400000000004
2 0.471875 0.8140904999999999 0.10124999999999995 0.16090899999999986
2 0.49624999999999997 0.1904545 0.10375000000000001 0.113637
2 0.5090625 0.316364 0.11687500000000006 0.14181799999999994
2 0.5415625 0.688636 0.12312499999999993 0.18818199999999988
2 0.54 0.19636399999999998 0.06000000000000005 0.10181799999999998
2 0.6590625 0.9654544999999999 0.11687500000000006 0.06727300000000014
2 0.6678125 0.846818 0.11937500000000001 0.17363599999999996
2 0.6815625000000001 0.676364 0.11812500000000004 0.16000000000000014
2 0.756875 0.7827275 0.14875000000000016 0.20909100000000017
2 0.7840625 0.64 0.11812500000000004 0.17999999999999988
2 0.8196874999999999 0.407273 0.12562499999999988 0.15818200000000004
2 0.835 0.5972725 0.10749999999999993 0.14727300000000004
2 0.8403125 0.5 0.09187499999999993 0.094546
2 0.858125 0.774091 0.08749999999999991 0.1427279999999998
2 0.9403125 0.6977270000000001 0.11812500000000004 0.17363599999999996