0 0.0473855 0.279412 0.032679000000000014 0.042483999999999966
0 0.06372549999999999 0.253268 0.045750999999999986 0.03268000000000004
0 0.0988565 0.4926475 0.116013 0.12581700000000007
0 0.088235 0.283497 0.039216 0.02777799999999997
0 0.18464049999999999 0.210784 0.032679000000000014 0.019608000000000014
0 0.348856 0.6919934999999999 0.318628 0.2990189999999999
0 0.2818625 0.4428105 0.17156899999999997 0.12745099999999998
0 0.22140500000000002 0.203431 0.031046000000000018 0.01797399999999999
0 0.3055555 0.8120915 0.05228699999999997 0.05882299999999985
0 0.376634 0.19035950000000001 0.18463999999999992 0.14215699999999998
0 0.48611150000000003 0.424837 0.3578429999999999 0.23856199999999994
0 0.6919934999999999 0.6135619999999999 0.3415029999999999 0.2565360000000001
0 0.6919935 0.283497 0.318627 0.21405200000000002
0 0.8823529999999999 0.4207515 0.16339799999999993 0.158497