0 0.5612745 0.1846405 0.16176499999999994 0.13398700000000002
0 0.0645425 0.578431 0.053921 0.029411999999999994
0 0.0849675 0.8921570000000001 0.078431 0.06536000000000008
0 0.136438 0.49428099999999997 0.07026199999999999 0.04085000000000005
0 0.2050655 0.618464 0.057189000000000045 0.06372599999999995
0 0.378268 0.3292485 0.13561999999999996 0.14215699999999998
0 0.4738565 0.6151965 0.1372549999999999 0.13888900000000004
0 0.4795755 0.6944445 0.14215699999999998 0.10130700000000004
0 0.5106204999999999 0.5081694999999999 0.12581700000000007 0.11764699999999984
0 0.5539215 0.6993465 0.05555500000000002 0.05882300000000007
0 0.619281 0.743464 0.062092000000000036 0.07189599999999996
0 0.6968955 0.4583335 0.08986899999999998 0.11274499999999998
0 0.7549015 0.7075165 0.13398700000000008 0.13398700000000008
0 0.8022875 0.46323549999999997 0.10784299999999991 0.11274499999999998
0 0.861111 0.1707515 0.07843199999999984 0.053921
0 0.877451 0.253268 0.08823599999999998 0.0817
0 0.9027775 0.231209 0.076797 0.06372599999999995