0 0.6690625 0.28424 0.06812499999999999 0.10318999999999999
0 0.19125 0.6496245 0.03999999999999998 0.05347099999999991
0 0.30656249999999996 0.910413 0.038124999999999964 0.0590999999999999
0 0.344375 0.688555 0.04499999999999993 0.06191400000000008
0 0.3403125 0.7767354999999999 0.034375000000000044 0.06191300000000011
0 0.4340625 0.5365854999999999 0.034375000000000044 0.05065700000000006
0 0.4359375 0.3747655 0.03562500000000002 0.03470900000000011
0 0.445625 0.683865 0.03500000000000003 0.082552
0 0.45687500000000003 0.7889305 0.0475000000000001 0.076923
0 0.4896875 0.825985 0.06187500000000001 0.09099399999999987
0 0.49875 0.6702625 0.022499999999999964 0.02908100000000009
0 0.525 0.769231 0.06000000000000005 0.08818000000000002
0 0.5275000000000001 0.6857409999999999 0.047499999999999876 0.06003799999999996
0 0.5390625 0.2589115 0.055625000000000036 0.07879899999999995
0 0.54125 0.9104125 0.05125000000000002 0.05159499999999979
0 0.5671875 0.30394000000000004 0.04187500000000011 0.08442800000000003
0 0.6371875 0.5046904999999999 0.059374999999999956 0.10131300000000015
0 0.6525000000000001 0.33864900000000003 0.05874999999999986 0.06941800000000005
0 0.6825 0.575985 0.05499999999999994 0.082552
0 0.7078125 0.8330205 0.030625000000000124 0.0806749999999999
0 0.73 0.4709190000000001 0.06499999999999995 0.08818000000000002
0 0.7446875 0.822233 0.04312499999999986 0.0403380000000001
0 0.765 0.515478 0.04875000000000007 0.08536600000000001
0 0.8062499999999999 0.8499065 0.05874999999999986 0.076923
0 0.80125 0.9075985000000001 0.043749999999999956 0.06097499999999972