3 0.42593749999999997 0.570561 0.08187499999999992 0.09065399999999997
3 0.090625 0.419626 0.057499999999999996 0.06541999999999992
3 0.27125 0.1546725 0.050000000000000044 0.040187000000000014
3 0.271875 0.28925199999999995 0.04875000000000007 0.06822399999999997
3 0.315 0.3280375 0.04249999999999998 0.07663500000000002
3 0.318125 0.8060744999999999 0.03374999999999995 0.040187000000000174
3 0.34375 0.159346 0.03874999999999995 0.03457999999999999
3 0.4175 0.7906544999999999 0.050000000000000044 0.08224300000000016
3 0.5615625 0.5518695 0.061875000000000124 0.08878499999999999
3 0.5578125 0.8682245 0.038124999999999964 0.07289699999999981
3 0.5715625 0.24719649999999999 0.02562500000000001 0.049533000000000035