3 0.5103125 0.5527305 0.21062499999999984 0.310735
3 0.1278125 0.6313555 0.174375 0.25517899999999993
3 0.14 0.824388 0.19625000000000004 0.27401200000000003
3 0.1546875 0.36581899999999995 0.171875 0.283428
3 0.20968750000000003 0.9590394999999999 0.11562499999999998 0.08003700000000001
3 0.31343750000000004 0.5155365 0.18437499999999996 0.25517899999999993
3 0.3615625 0.7316385 0.234375 0.25800299999999987
3 0.3409375 0.29708100000000004 0.17562500000000003 0.2589459999999999
3 0.3815625 0.8874765 0.2181249999999999 0.2231629999999999
3 0.4165625 0.4420905 0.034375000000000044 0.08568699999999999
3 0.5134375 0.3408665 0.12312499999999993 0.12994299999999992
3 0.5659375 0.9185495 0.1668750000000001 0.1610169999999999
3 0.645 0.368644 0.19874999999999998 0.20809799999999992
3 0.6946875 0.566384 0.18312499999999998 0.26836200000000004
3 0.73625 0.9053670000000001 0.20750000000000002 0.17796600000000018
3 0.80375 0.9307909999999999 0.2650000000000001 0.136534
3 0.754375 0.39265500000000003 0.08000000000000007 0.14877600000000002
3 0.830625 0.5532015 0.1499999999999999 0.238229
3 0.8209375 0.7391715 0.12312499999999993 0.161959
3 0.9175 0.8126174999999999 0.16000000000000014 0.2937849999999999