3 0.0778125 0.9196875 0.155625 0.15937500000000004
3 0.22406250000000005 0.7915625 0.26312500000000005 0.2818749999999999
3 0.3471875 0.9403125 0.28312500000000007 0.11812500000000004
3 0.3240625 0.98375 0.203125 0.03125
3 0.3496875 0.598125 0.244375 0.19999999999999996
3 0.505625 0.7565625 0.33125000000000004 0.31937499999999996
3 0.623125 0.9606250000000001 0.27125 0.07750000000000012
3 0.6796875 0.6503125000000001 0.23062500000000008 0.21562500000000018
3 0.859375 0.7784375 0.28 0.379375
3 0.770625 0.579375 0.06125000000000003 0.11125000000000007
3 0.9003125000000001 0.54125 0.1981250000000001 0.16749999999999998
3 0.954375 0.4409375 0.08999999999999986 0.09062499999999996