3 0.44625 0.8250465 0.11124999999999996 0.14165099999999992
3 0.33968750000000003 0.8367730000000001 0.08812500000000001 0.1613499999999998
3 0.49875 0.7753285000000001 0.0674999999999999 0.104127
3 0.6921875 0.673077 0.03437499999999982 0.04971800000000003
3 0.73 0.67636 0.022499999999999964 0.06754199999999994
3 0.78125 0.6904315000000001 0.028750000000000053 0.06191300000000011
3 0.8043750000000001 0.6979365 0.04375000000000018 0.05816100000000004
3 0.8021875 0.7664165 0.02937499999999993 0.041275000000000193
3 0.82375 0.6242965 0.04875000000000007 0.05909899999999993
3 0.8371875 0.7790805 0.031874999999999876 0.03470900000000011
3 0.8446875 0.746248 0.03937500000000016 0.04596599999999996
3 0.8746875000000001 0.7607880000000001 0.038124999999999964 0.05253199999999988