3 0.18906250000000002 0.5390625 0.11406300000000003 0.171875
3 0.0964845 0.797396 0.108593 0.11979199999999975
3 0.28164049999999996 0.3052085 0.019530999999999965 0.13541700000000004
3 0.33242150000000004 0.296875 0.042969000000000035 0.12916599999999998
3 0.36015600000000003 0.0171875 0.08125000000000004 0.034375
3 0.3664065 0.5963539999999999 0.078125 0.10520800000000019
3 0.403516 0.48125 0.12109400000000003 0.1875
3 0.4847655 0.5390625 0.097657 0.20729099999999998
3 0.5785155 0.3229165 0.1367189999999998 0.19166700000000003
3 0.6921875 0.7109375 0.12187500000000018 0.20729099999999998
3 0.6945315 0.053125 0.109375 0.10625
3 0.7234375 0.546354 0.12187500000000018 0.15104200000000004
3 0.7296875 0.453646 0.10156300000000007 0.08854200000000005