3 0.3601755 0.8251955 0.23426100000000002 0.08593699999999993
3 0.0973645 0.446777 0.194729 0.11425799999999997
3 0.12371899999999998 0.3217775 0.24743799999999996 0.155273
3 0.136164 0.15771449999999998 0.272328 0.16113299999999997
3 0.1625185 0.731934 0.216691 0.10449200000000003
3 0.16910699999999998 0.8198245 0.20351400000000003 0.0810550000000001
3 0.1654465 0.6347659999999999 0.163983 0.08984399999999981
3 0.3689605 0.7197264999999999 0.20790700000000006 0.1035149999999998
3 0.3696925 0.635254 0.194729 0.11816399999999994
3 0.555637 0.7309574999999999 0.17715999999999996 0.08496099999999984
3 0.555637 0.8222655 0.17715999999999996 0.08593699999999993
3 0.568082 0.617676 0.18447999999999992 0.10449200000000003
3 0.7430454999999999 0.8144534999999999 0.19180099999999986 0.09179700000000013
3 0.753294 0.7128909999999999 0.2035140000000001 0.11132799999999987
3 0.765739 0.621582 0.18155199999999994 0.08300799999999997
3 0.871889 0.27734349999999997 0.2532940000000001 0.15039099999999994
3 0.8477305 0.3764645 0.1844809999999999 0.05761700000000003
3 0.8674965 0.1396485 0.19180099999999986 0.13476500000000002
0 0.0402635 0.8032225 0.080527 0.1376949999999999
0 0.045388 0.556641 0.090776 0.125
0 0.0497805 0.679199 0.099561 0.110352