3 0.74625 0.733333 0.28 0.36999999999999983
3 0.0340625 0.775833 0.068125 0.3100000000000002
3 0.0425 0.960417 0.085 0.07749999999999997
3 0.0909375 0.24500000000000002 0.181875 0.36166600000000004
3 0.1753125 0.8004169999999999 0.24312499999999998 0.24250000000000002
3 0.1803125 0.5683334999999999 0.224375 0.408333
3 0.234375 0.9579170000000001 0.19374999999999998 0.08250000000000017
3 0.28 0.24875000000000003 0.19124999999999992 0.289166
3 0.40812499999999996 0.56875 0.31375 0.44416600000000006
3 0.45937500000000003 0.1841665 0.29500000000000004 0.366667
3 0.46906250000000005 0.8745835 0.266875 0.24916699999999992
3 0.60875 0.9254165 0.26750000000000007 0.14416700000000007
3 0.5665625 0.5491670000000001 0.12937500000000002 0.36000000000000004
3 0.685 0.38791649999999994 0.27 0.34083299999999994
3 0.65125 0.1608335 0.14375000000000004 0.21666700000000003
3 0.853125 0.07625 0.26875000000000004 0.1525
3 0.7778125 0.1825 0.09187499999999993 0.153334
3 0.8875 0.330417 0.22124999999999995 0.3875
3 0.8959375 0.911667 0.20687500000000014 0.17500000000000013
3 0.923125 0.6699999999999999 0.15249999999999986 0.3050000000000003