3 0.61625 0.5586305 0.17874999999999996 0.2729829999999999
3 0.03625 0.031895 0.0725 0.06379
3 0.059375 0.40853700000000004 0.11875 0.2598499999999999
3 0.0646875 0.15947500000000003 0.129375 0.23827400000000004
3 0.039375 0.6261725 0.07375 0.1904309999999999
3 0.139375 0.695122 0.16375 0.21388399999999996
3 0.1315625 0.0933395 0.143125 0.186679
3 0.1271875 0.2954975 0.080625 0.1632269999999999
3 0.193125 0.49437149999999996 0.14375000000000004 0.22701699999999994
3 0.27 0.11444649999999998 0.14125 0.12195099999999999
3 0.29812500000000003 0.0356475 0.14625 0.071295
3 0.3059375 0.7021574999999999 0.13812500000000005 0.1998130000000001
3 0.3059375 0.37898699999999996 0.09187499999999993 0.14634200000000003
3 0.36406249999999996 0.5196995 0.18562499999999993 0.230769
3 0.395625 0.2575045 0.16874999999999996 0.269231
3 0.421875 0.13930599999999999 0.13249999999999995 0.136022
3 0.42437499999999995 0.0290805 0.09624999999999995 0.058161
3 0.4603125 0.6819890000000001 0.16312499999999996 0.2213880000000001
3 0.508125 0.3836775 0.15874999999999995 0.22514099999999998
3 0.5384375 0.0605065 0.14937500000000004 0.121013
3 0.57875 0.18386499999999997 0.18500000000000005 0.236398
3 0.646875 0.32786099999999996 0.15874999999999995 0.21294600000000008
3 0.6775 0.030019 0.11749999999999994 0.060038
3 0.6775 0.1599435 0.10499999999999998 0.203565