0 0.7124999999999999 0.20028149999999997 0.23375000000000012 0.20919300000000002
0 0.00375 0.453096 0.0075 0.022514000000000034
0 0.004375 0.6374295 0.00875 0.03470900000000011
0 0.004375 0.674015 0.00875 0.0309559999999999
0 0.0059375 0.42823649999999996 0.011875 0.03470900000000011
0 0.0103125 0.413696 0.020625 0.028142000000000056
0 0.099375 0.6303939999999999 0.19875 0.23452199999999987
0 0.0128125 0.44371499999999997 0.010624999999999999 0.02626599999999994
0 0.0215625 0.447467 0.020625000000000004 0.028142000000000056
0 0.0290625 0.4254225 0.011875000000000004 0.010318999999999958
0 0.0325 0.45825499999999997 0.013749999999999998 0.019700000000000023
0 0.0421875 0.42120050000000003 0.015625 0.007505000000000113
0 0.0465625 0.4423075 0.024374999999999994 0.03470899999999994
0 0.046875 0.259381 0.011249999999999996 0.027204
0 0.0634375 0.4338645 0.021875000000000006 0.032832999999999994
0 0.1025 0.8086300000000001 0.0875 0.0863039999999999
0 0.1003125 0.18433400000000003 0.073125 0.12101399999999998
0 0.1471875 0.2884615 0.013124999999999998 0.02720499999999997
0 0.1525 0.9798309999999999 0.020000000000000018 0.02532799999999988
0 0.2340625 0.10787950000000002 0.18312499999999998 0.16322699999999998
0 0.271875 0.7551595 0.24124999999999996 0.27767300000000017
0 0.27718750000000003 0.3287995 0.02187500000000009 0.034709000000000025
0 0.3290625 0.9610695 0.125625 0.07598499999999994
0 0.301875 0.2786115 0.03500000000000003 0.048781000000000026
0 0.3625 0.228424 0.15625 0.11725999999999998
0 0.4128125 0.37101300000000004 0.023125000000000062 0.03846199999999999
0 0.538125 0.8611635000000001 0.27375000000000016 0.27579699999999974
0 0.490625 0.219043 0.14874999999999994 0.12476600000000006
0 0.5625 0.333959 0.0462499999999999 0.06566599999999999
0 0.6328125 0.43855550000000004 0.02562500000000001 0.038461000000000016
0 0.75 0.37804849999999995 0.06000000000000005 0.0806749999999999
0 0.82125 0.37711100000000003 0.03624999999999989 0.0675420000000001
0 0.924375 0.329737 0.1499999999999999 0.17729799999999993
0 0.9346875 0.9352720000000001 0.12937500000000002 0.12757999999999972
0 0.9090625 0.511726 0.03687499999999999 0.04971800000000003
0 0.9768749999999999 0.4587245 0.04499999999999993 0.07317099999999993