3 0.7221875 0.7012499999999999 0.37187499999999996 0.43916600000000017
3 0.1384375 0.6266664999999999 0.101875 0.17666700000000013
3 0.20625000000000002 0.6525 0.10625000000000001 0.22499999999999995
3 0.2753125 0.65 0.135625 0.2650000000000001
3 0.3553125 0.6783334999999999 0.176875 0.28833300000000034
3 0.49687500000000007 0.6616664999999999 0.21999999999999997 0.361667
0 0.7459375 0.262917 0.33687500000000004 0.44750000000000006
0 0.1559375 0.43249999999999994 0.09562499999999996 0.2033339999999999
0 0.21531250000000002 0.415417 0.11062499999999997 0.23749999999999982
0 0.2740625 0.38291649999999994 0.130625 0.275833
0 0.38125 0.37583300000000003 0.1975 0.3
0 0.5115625 0.28541700000000003 0.244375 0.39750000000000013