3 0.2217015 0.404473 0.08943100000000004 0.11144800000000009
3 0.34709199999999996 0.632297 0.08505399999999996 0.11372200000000024
3 0.36178849999999996 0.80743 0.08943100000000004 0.10310799999999998
3 0.3383365 0.227824 0.033770999999999995 0.09780200000000001
3 0.4333955 0.2399545 0.11006899999999997 0.13267699999999996
3 0.46185149999999997 0.408264 0.09318300000000002 0.09780200000000001
3 0.450594 0.8665654999999999 0.068168 0.07733100000000005
3 0.465291 0.7354059999999999 0.06379000000000001 0.08187999999999973
3 0.512508 0.550417 0.11694800000000005 0.09855999999999994
3 0.6995 0.151251 0.05941200000000002 0.07202399999999999
3 0.7623515000000001 0.1250945 0.053783000000000136 0.07733099999999998
3 0.8830515 0.5670965 0.07504700000000009 0.06823299999999989
3 0.906504 0.38665649999999996 0.061914000000000025 0.06823299999999989