0 0.12062499999999998 0.858818 0.14625 0.1941840000000001
0 0.04 0.06707300000000001 0.0475 0.027204
0 0.140625 0.1482175 0.24375000000000002 0.06941900000000002
0 0.43718750000000006 0.7551595 0.785625 0.48780499999999993
0 0.2628125 0.32879900000000006 0.400625 0.134146
0 0.49031250000000004 0.09802999999999999 0.22312500000000002 0.042213999999999974
0 0.4340625 0.024859500000000003 0.028124999999999956 0.015947000000000003
0 0.474375 0.0154785 0.03749999999999998 0.023453
0 0.6678125 0.2115385 0.339375 0.09662300000000003
0 0.8434375000000001 0.478424 0.3118750000000001 0.296436
0 0.7528125 0.042214 0.030624999999999902 0.022514000000000003