3 0.0209375 0.37166650000000007 0.041875 0.10833300000000001
3 0.0834375 0.446667 0.09312500000000001 0.1350000000000001
3 0.22562500000000002 0.8574999999999999 0.12624999999999997 0.19166600000000025
3 0.2946875 0.38375000000000004 0.150625 0.19416600000000006
3 0.3553125 0.856667 0.109375 0.19000000000000009
3 0.45625000000000004 0.6070829999999999 0.13874999999999993 0.16249999999999995
3 0.6912499999999999 0.36333299999999996 0.1512500000000001 0.19499999999999998
3 0.730625 0.5595835 0.15500000000000003 0.17416700000000004
3 0.7134375 0.04708300000000001 0.05812499999999998 0.0625
3 0.7821875 0.22125000000000003 0.1468750000000001 0.17250000000000001
3 0.885 0.5750000000000001 0.12749999999999995 0.13333399999999992
3 0.9759375 0.5637500000000001 0.046875 0.14416599999999993