1 0.12416699999999999 0.7109375 0.030000000000000027 0.02937499999999993
1 0.21125000000000002 0.7365625 0.170834 0.04062499999999991
1 0.21708349999999998 0.7140625 0.16583299999999998 0.028125000000000178
1 0.1925 0.625625 0.11499999999999999 0.030000000000000027
1 0.23500000000000001 0.6940625 0.13666599999999995 0.019375000000000142
1 0.4312499999999999 0.684375 0.17250000000000001 0.047499999999999876
1 0.44041700000000006 0.7575000000000001 0.16750000000000012 0.03750000000000009
1 0.4391665 0.7309375 0.14833300000000005 0.026874999999999982
1 0.44250000000000006 0.704375 0.15499999999999994 0.02375000000000016
1 0.4591665 0.6303125 0.12333299999999998 0.03312500000000007
1 0.9108335000000002 0.2684375 0.17666700000000013 0.524375