3 0.0078125 0.5104164999999999 0.015625 0.06583299999999988
3 0.035625000000000004 0.631667 0.024999999999999994 0.04999999999999997
3 0.0853125 0.57 0.046875 0.04999999999999982
3 0.113125 0.307917 0.06124999999999997 0.07749999999999997
3 0.19187500000000002 0.8616670000000001 0.06625000000000003 0.08999999999999986
3 0.2078125 0.3391665 0.059374999999999956 0.06666699999999996
3 0.2215625 0.7324999999999999 0.08437499999999998 0.09666600000000021
3 0.2540625 0.23625 0.05812499999999998 0.07583399999999996
3 0.2915625 0.6620834999999999 0.09187500000000004 0.11416699999999998
3 0.2996875 0.2958335 0.046875 0.053333
3 0.35062499999999996 0.7575 0.08125000000000004 0.08833399999999998
3 0.380625 0.35250000000000004 0.030000000000000027 0.04999999999999997
3 0.4896875 0.510417 0.08562499999999995 0.10749999999999993
3 0.535625 0.39250000000000007 0.07624999999999993 0.06666599999999996
3 0.58375 0.7441665 0.06875000000000009 0.08333299999999995
3 0.8215625 0.6345835 0.08562499999999984 0.12083300000000004
3 0.905 0.8333335000000001 0.08125000000000004 0.10166699999999995
3 0.9043749999999999 0.98375 0.06999999999999984 0.03083399999999988
3 0.9284375 0.6808335 0.09687500000000004 0.09666700000000006
3 0.943125 0.7862499999999999 0.07000000000000006 0.08250000000000017
3 0.9918750000000001 0.2708335 0.015000000000000124 0.09333300000000004