0 0.639583 0.42625 0.28250000000000003 0.22625000000000006
0 0.0079165 0.5896874999999999 0.015833 0.02937499999999993
0 0.0091665 0.6315625 0.018333 0.024375000000000036
0 0.028750000000000008 0.57 0.0425 0.03125
0 0.037917 0.5371874999999999 0.0525 0.02937499999999993
0 0.034999999999999996 0.24687499999999998 0.018334 0.013749999999999984
0 0.0479165 0.3346875 0.03916700000000001 0.02562500000000001
0 0.08416649999999999 0.02 0.106667 0.04
0 0.07083350000000001 0.505625 0.026666999999999996 0.023749999999999938
0 0.2233335 0.5821875 0.08166699999999993 0.05812499999999998
0 0.2566665 0.0528125 0.136667 0.10062499999999999
0 0.356667 0.7428125 0.305 0.21687499999999993
0 0.42375 0.8865624999999999 0.2841660000000001 0.17937499999999984
0 0.42958349999999995 0.2828125 0.2691670000000001 0.23062499999999997
0 0.41125000000000006 0.1546875 0.022499999999999964 0.015625
0 0.6995835 0.2109375 0.28916699999999995 0.224375
0 0.574167 0.275 0.029999999999999954 0.020000000000000018
0 0.5750000000000001 0.26125 0.013334000000000104 0.010000000000000009
0 0.6425 0.621875 0.05666600000000003 0.032500000000000195
0 0.6483335 0.6753125 0.031666999999999966 0.020624999999999893
0 0.7254165 0.6053124999999999 0.059166999999999824 0.030625000000000124
0 0.7450000000000001 0.6359375 0.05666599999999988 0.020624999999999893
0 0.7470829999999999 0.7471874999999999 0.04750000000000002 0.020624999999999893
0 0.758333 0.9334374999999999 0.029999999999999954 0.04062499999999991
0 0.786667 0.6053125 0.05000000000000012 0.034375000000000044
0 0.798333 0.6412500000000001 0.055000000000000014 0.03750000000000009
0 0.7970835 0.3815625 0.03416700000000006 0.02562500000000001
0 0.8154165 0.370625 0.020832999999999952 0.013749999999999929
0 0.8266665 0.9634375 0.03833300000000003 0.02187500000000009
0 0.8862500000000001 0.426875 0.03416600000000022 0.028750000000000053
0 0.915 0.598125 0.024999999999999762 0.022499999999999964
0 0.9841669999999999 0.3259375 0.02500000000000006 0.011874999999999969