3 0.8815625 0.704503 0.11187499999999995 0.1332079999999999
3 0.0875 0.8541275 0.1175 0.11538499999999999
3 0.12031249999999999 0.7954969999999999 0.083125 0.0863039999999999
3 0.18375000000000002 0.8724205 0.09499999999999997 0.13696099999999997
3 0.26875 0.8550655 0.08125000000000004 0.1360229999999999
3 0.35468750000000004 0.9066605 0.11687500000000006 0.11350900000000021
3 0.3465625 0.803002 0.07687500000000003 0.07129400000000001
3 0.445 0.8231710000000001 0.08999999999999997 0.10788000000000021
3 0.4615625 0.7307695 0.08437500000000009 0.12382700000000019
3 0.5278125 0.8344280000000002 0.078125 0.10788000000000021
3 0.55125 0.726079 0.09250000000000003 0.13320800000000008
3 0.6071875 0.8203565000000002 0.0731250000000001 0.11726099999999977
3 0.755 0.69606 0.11499999999999999 0.13133199999999998
3 0.8125 0.621013 0.06125000000000003 0.08818000000000002
3 0.8503125 0.630863 0.08562499999999984 0.09286999999999998
3 0.9553125 0.6923075 0.08812500000000001 0.16135099999999994