0 0.234375 0.08458349999999999 0.15000000000000002 0.16916699999999998
0 0.015625 0.0208335 0.03125 0.041667
0 0.1415625 0.0891665 0.08437499999999998 0.15666700000000003
0 0.168125 0.2720835 0.12125000000000002 0.135833
0 0.2371875 0.195833 0.09937499999999999 0.06000000000000005
0 0.343125 0.35791649999999997 0.08624999999999994 0.12916700000000012
0 0.438125 0.36541700000000005 0.10875000000000001 0.13750000000000004
0 0.4425 0.9683335 0.08374999999999999 0.061666999999999916
0 0.4959375 0.17375 0.09562499999999996 0.11250000000000004
0 0.5334375 0.20375000000000001 0.059374999999999956 0.09249999999999996
0 0.61625 0.9345835 0.046250000000000124 0.08083299999999986
0 0.8065625000000001 0.61625 0.3856250000000001 0.47416600000000003
0 0.75125 0.111667 0.11250000000000004 0.15
0 0.95625 0.0304165 0.08625000000000016 0.060833
0 0.9768749999999999 0.3104165 0.04499999999999993 0.14416700000000002