0 0.2865625 0.8531075 0.12687499999999996 0.16007500000000016
0 0.016875 0.5795669999999999 0.03375 0.12335199999999986
0 0.021875 0.7156309999999999 0.04375 0.14501000000000003
0 0.0275 0.455744 0.055 0.1751420000000001
0 0.031875 0.334275 0.05374999999999999 0.14500999999999994
1 0.940625 0.48305100000000006 0.11874999999999991 0.25235399999999986
1 0.044375 0.8097925 0.08875 0.29943500000000006
1 0.07843750000000001 0.33662899999999996 0.045625 0.353108
1 0.08875 0.868173 0.05375000000000002 0.26177
1 0.1265625 0.2382295 0.075625 0.29566900000000007
1 0.1365625 0.341337 0.073125 0.262712
1 0.139375 0.8502824999999999 0.04999999999999999 0.21092300000000017
1 0.5065625 0.5263655 0.2406250000000001 0.8549909999999998