3 0.7008335 0.22999999999999998 0.11833300000000002 0.13111200000000003
3 0.735 0.37222250000000007 0.08333400000000002 0.15333299999999994
3 0.786667 0.4922225 0.1499999999999999 0.15333299999999994
3 0.790833 0.20111099999999996 0.07499999999999996 0.10444399999999998
3 0.7866664999999999 0.2922225 0.06333300000000008 0.10888900000000001
3 0.829167 0.348889 0.11499999999999999 0.14666599999999988
3 0.8416665000000001 0.24444450000000004 0.07333299999999987 0.13333300000000006
3 0.898333 0.34222249999999993 0.08000000000000007 0.14666699999999988
3 0.925833 0.45666650000000003 0.09499999999999997 0.10444500000000012
3 0.9225 0.23777749999999997 0.08166600000000002 0.071111
3 0.9433335 0.20333350000000003 0.05666700000000002 0.046667000000000014
3 0.9691665 0.3055555 0.04833299999999996 0.10444500000000005