3 0.39273149999999996 0.634375 0.157093 0.08125000000000004
3 0.11957800000000002 0.5796874999999999 0.124268 0.08437500000000009
3 0.214537 0.5285155 0.10316600000000002 0.060157000000000016
3 0.2907385 0.5601565 0.05392700000000007 0.0515629999999998
3 0.3499415 0.4878905 0.09026899999999996 0.06171900000000008
3 0.3827665 0.557422 0.10902699999999996 0.05703199999999997
3 0.4343495 0.47968750000000004 0.09261500000000009 0.08593699999999993
3 0.46014049999999995 0.4269535 0.10902699999999996 0.057031000000000054
3 0.493552 0.532031 0.11254399999999996 0.06718800000000003
3 0.502931 0.5996095 0.10081999999999997 0.07265699999999997
3 0.5978895 0.6347655 0.152403 0.07734299999999994
3 0.5826494999999999 0.4382815 0.07971899999999991 0.06562500000000004
3 0.5937865 0.492578 0.0879250000000001 0.06015599999999999
3 0.64068 0.566797 0.09730399999999993 0.058594000000000035
3 0.688159 0.451172 0.0844080000000001 0.06015599999999999
3 0.722157 0.6347655 0.15240400000000015 0.07734299999999994
3 0.701055 0.494922 0.0844080000000001 0.058594000000000035
3 0.7631884999999999 0.5566409999999999 0.10082099999999994 0.0648439999999999
3 0.7878075 0.4976565 0.07268500000000025 0.05312499999999998
3 0.8188745 0.5414065 0.11840500000000015 0.06562500000000004
3 0.8493550000000001 0.6140625 0.134818 0.06718700000000011
3 0.8921450000000001 0.6007815000000001 0.10551000000000012 0.07031300000000007
3 0.922626 0.5808595 0.07971799999999978 0.08203099999999997