3 0.156 0.574667 0.312 0.2800000000000001
3 0.394 0.413333 0.256 0.27199999999999996
3 0.472 0.30400000000000005 0.1080000000000001 0.144
3 0.507 0.225333 0.09800000000000009 0.11999999999999995
3 0.563 0.336 0.09799999999999986 0.09066599999999998
3 0.625 0.112 0.19399999999999995 0.197334
3 0.599 0.273333 0.10199999999999987 0.13599999999999998
3 0.781 0.056 0.19799999999999995 0.112
1 0.83 0.5013335 0.248 0.26133299999999987
1 0.797 0.3053335 0.254 0.258667
1 0.871 0.745333 0.08200000000000007 0.296
1 0.942 0.7600000000000001 0.08400000000000007 0.27200000000000024
1 0.95 0.0973335 0.09600000000000009 0.07733300000000003
1 0.9590000000000001 0.7813335 0.07799999999999985 0.3093329999999999
1 0.97 0.2333335 0.05600000000000005 0.06666699999999996
1 0.99 0.265333 0.016000000000000014 0.040000000000000036