1 0.18875 0.5750000000000001 0.18 0.21888800000000014
1 0.2634375 0.8716665000000001 0.030625000000000013 0.09666700000000006
1 0.29093749999999996 0.9461109999999999 0.04312500000000008 0.08999999999999986
1 0.30062500000000003 0.822222 0.043749999999999956 0.095556
1 0.323125 0.9438884999999999 0.04249999999999998 0.07888899999999982
1 0.32906250000000004 0.8272225 0.034375000000000044 0.09666699999999986
1 0.355 0.9400000000000001 0.04249999999999998 0.08666600000000023
1 0.3628125 0.833889 0.03312500000000007 0.1077779999999999
1 0.3753125 0.9511110000000002 0.038124999999999964 0.0955559999999996
1 0.404375 0.8494445 0.04249999999999998 0.09222299999999982
1 0.40718750000000004 0.7666665 0.04312500000000008 0.07333300000000006
1 0.410625 0.947778 0.030000000000000027 0.06222200000000003
1 0.435 0.8616664999999999 0.03500000000000003 0.09444499999999995