0 0.0215 0.938333 0.043 0.026000000000000023
0 0.027999999999999997 0.1873335 0.055999999999999994 0.022666999999999993
0 0.055999999999999994 0.489 0.11199999999999999 0.38333400000000006
0 0.046 0.929667 0.025999999999999992 0.02200000000000002
0 0.078 0.117333 0.04399999999999999 0.036000000000000004
0 0.7130000000000001 0.2276665 0.5339999999999999 0.455333
0 0.5475 0.6799999999999999 0.07499999999999987 0.04266600000000009
0 0.563 0.6046665 0.04799999999999999 0.029333000000000053
0 0.6475 0.6930000000000001 0.04300000000000004 0.04066599999999987
0 0.8020000000000002 0.8013334999999999 0.05400000000000009 0.02933299999999983
0 0.812 0.7663335 0.07399999999999987 0.04466700000000001
0 0.8905 0.53 0.07700000000000018 0.05600000000000005
0 0.8965000000000001 0.8223335 0.06499999999999997 0.03933300000000006
0 0.952 0.857 0.0719999999999999 0.03400000000000003
0 0.9600000000000001 0.7526664999999999 0.07799999999999983 0.06133299999999986