3 0.325 0.5298619999999999 0.11875000000000002 0.105608
3 0.0278125 0.9475600000000001 0.055625 0.06554999999999993
3 0.13874999999999998 0.3605245 0.06874999999999998 0.09759700000000004
3 0.1565625 0.620903 0.04562500000000003 0.08375800000000001
3 0.1628125 0.6697015 0.05562499999999998 0.054624999999999944
3 0.1915625 0.322651 0.03687499999999999 0.039329999999999955
3 0.2159375 0.37909650000000006 0.055625000000000036 0.06336499999999994
3 0.3 0.422797 0.0675 0.09978200000000004
3 0.39625 0.458121 0.07499999999999996 0.08739999999999991
3 0.454375 0.7982519999999999 0.0674999999999999 0.12672999999999987
3 0.4765625 0.19664950000000003 0.046875 0.07574700000000001
3 0.50375 0.9016755000000001 0.07499999999999996 0.06846300000000004
3 0.5190625 0.550619 0.07937499999999997 0.12818600000000008
3 0.5315625 0.28586999999999996 0.06937499999999996 0.09249800000000001
3 0.53375 0.16314649999999997 0.05874999999999986 0.08448699999999999
3 0.583125 0.0630005 0.09250000000000003 0.126001
3 0.57375 0.9176985000000001 0.06499999999999995 0.06700699999999982
3 0.62 0.875819 0.07250000000000001 0.07501800000000003
3 0.66125 0.42971600000000004 0.09250000000000003 0.14420999999999984
3 0.8946875000000001 0.903132 0.061875000000000124 0.08302999999999991
3 0.92625 0.23852849999999998 0.05750000000000011 0.128915
3 0.965625 0.8758195 0.06625000000000014 0.0997810000000001
3 0.98375 0.3892935 0.03125 0.07356100000000002