0 0.658192 0.704375 0.3841799999999998 0.23875000000000002
0 0.1525425 0.8825 0.303201 0.22875
0 0.26694900000000005 0.3246875 0.29661 0.155625
0 0.298023 0.6603125 0.32674200000000003 0.16062500000000002
0 0.376648 0.40375 0.3502820000000001 0.18625000000000003
0 0.40065900000000004 0.779375 0.30602600000000013 0.17625000000000002
0 0.4910550000000001 0.611875 0.17796600000000018 0.08375000000000021
0 0.5451974999999999 0.22062500000000002 0.27495299999999995 0.16874999999999996
0 0.7612995 0.22843750000000002 0.3210929999999999 0.12937500000000002
0 0.7405835 0.3109375 0.2645950000000001 0.12812500000000004
0 0.9063085000000001 0.35375 0.18549899999999966 0.14874999999999994