3 0.3775 0.77 0.14749999999999996 0.18833399999999992
3 0.16375 0.3529165 0.11124999999999996 0.16416699999999995
3 0.1921875 0.5233335 0.13187499999999996 0.16333300000000003
3 0.2515625 0.2858335 0.10062499999999996 0.14333300000000002
3 0.2784375 0.4020835 0.13187499999999996 0.14083300000000007
3 0.3128125 0.557083 0.14812500000000006 0.17250000000000001
3 0.28312499999999996 0.6879165 0.08125000000000004 0.1758330000000002
3 0.3003125 0.15666650000000001 0.10062499999999996 0.14666700000000002
3 0.34875 0.30125 0.08125000000000004 0.11583399999999999
3 0.3728125 0.6441665 0.08812500000000001 0.09833299999999993
3 0.3840625 0.20125 0.09687500000000004 0.13916599999999998
3 0.3921875 0.412083 0.08812500000000001 0.12750000000000009
3 0.45437500000000003 0.29375 0.11875000000000002 0.12749999999999995
3 0.460625 0.5079170000000001 0.13124999999999998 0.16749999999999998
3 0.46968750000000004 0.38916649999999997 0.12187499999999996 0.10166699999999995
3 0.4715625 0.6525 0.10187499999999994 0.13666599999999995
3 0.49874999999999997 0.1875 0.10999999999999999 0.11499999999999999
3 0.5265625 0.7200000000000001 0.12437500000000012 0.15333399999999978
3 0.536875 0.39666700000000005 0.07750000000000012 0.11000000000000003
3 0.55875 0.11625 0.10375000000000001 0.124166
3 0.5665625000000001 0.30624999999999997 0.10312499999999991 0.14583399999999994
3 0.5890625 0.5566665 0.12812499999999982 0.15166700000000008
3 0.5871875 0.21833349999999996 0.09312500000000012 0.09166700000000001
3 0.6071875 0.47958300000000004 0.09437499999999988 0.11750000000000001
3 0.6125 0.7070829999999999 0.08124999999999982 0.12750000000000009
3 0.615625 0.347917 0.0625 0.1224999999999999
3 0.6496875 0.17208299999999999 0.10187500000000016 0.1425
3 0.654375 0.2854165 0.0625 0.08416700000000003
3 0.6834374999999999 0.3895835 0.11187499999999995 0.134167
3 0.69625 0.1141665 0.07624999999999993 0.093333
3 0.7196875 0.639583 0.109375 0.13749999999999987
3 0.7334375 0.223333 0.09562500000000007 0.10499999999999998
3 0.766875 0.3216665 0.11624999999999996 0.14333300000000002
3 0.78125 0.505 0.11624999999999996 0.161666
3 0.7990625 0.605 0.06687500000000002 0.11333400000000005
3 0.85 0.3866669999999999 0.08125000000000004 0.11000000000000003
3 0.8690625 0.484583 0.09812500000000002 0.13750000000000004