3 0.2870835 0.763326 0.13583299999999998 0.14925399999999997
3 0.0470835 0.7196164999999999 0.094167 0.1407249999999999
3 0.1054165 0.565565 0.11583300000000002 0.1545840000000001
3 0.1133335 0.6775055000000001 0.06666699999999998 0.11833699999999993
3 0.14208300000000001 0.7841155000000001 0.10750000000000004 0.054370999999999864
3 0.185 0.715885 0.12 0.15671600000000013
3 0.2354165 0.476546 0.10583300000000001 0.07036200000000008
3 0.2991665 0.48347550000000006 0.05166700000000002 0.05650300000000001
3 0.3766665 0.7084220000000001 0.11166699999999996 0.18016999999999997
3 0.43875 0.4722815 0.08916600000000008 0.10447699999999997
3 0.535 0.506397 0.09499999999999997 0.13006399999999999
0 0.3279165 0.577825 0.14416700000000005 0.14712199999999995
0 0.03625 0.5959485000000001 0.0725 0.11727100000000007
0 0.0375 0.5245205 0.075 0.07462699999999983
0 0.2241665 0.576759 0.11666699999999997 0.15138599999999997
0 0.3670835 0.5266525 0.11416700000000002 0.14712099999999992
0 0.4308335 0.6769719999999999 0.08166699999999993 0.11087400000000003
0 0.44333350000000005 0.6423245 0.10166699999999995 0.0970150000000001
0 0.47833349999999997 0.609808 0.11666700000000008 0.09168399999999992
0 0.49583299999999997 0.5506395 0.125 0.15884900000000002