3 0.6131249999999999 0.785647 0.22124999999999995 0.2823640000000001
3 0.089375 0.8757035 0.17875 0.24671699999999996
3 0.14125000000000001 0.6913699999999999 0.20625 0.28330200000000016
3 0.24 0.9418385 0.15000000000000002 0.11444699999999992
3 0.43343750000000003 0.900563 0.224375 0.19699799999999995
3 0.45875 0.7298309999999999 0.10375000000000001 0.13320800000000008
3 0.596875 0.9756099999999999 0.10250000000000004 0.04690400000000019
3 0.7749999999999999 0.9418385 0.21499999999999986 0.11444699999999992
3 0.764375 0.8170735 0.10000000000000009 0.142589
3 0.8940625 0.9043149999999999 0.161875 0.18949400000000013
3 0.985 0.9380865 0.028750000000000053 0.12195099999999974