2 0.3053125 0.6999999999999998 0.18562500000000004 0.21666600000000003
2 0.078125 0.7016665 0.15000000000000002 0.20666700000000007
2 0.226875 0.35625 0.14749999999999996 0.12916599999999998
2 0.28625 0.8525 0.12124999999999997 0.05000000000000012
2 0.388125 0.51 0.18125000000000002 0.1550000000000001
2 0.3875 0.33125 0.10999999999999999 0.13083400000000003
2 0.3815625 0.09958299999999999 0.0931249999999999 0.07750000000000001
2 0.40625 0.1391665 0.08750000000000002 0.10166700000000002
2 0.5 0.20833349999999998 0.15625 0.11166699999999996
2 0.5184375 0.387917 0.13687500000000008 0.11750000000000001
2 0.54375 0.5095835 0.1612499999999999 0.17416699999999988
2 0.52 0.1391665 0.10125000000000006 0.05666700000000002
2 0.619375 0.30375 0.10125000000000006 0.09583400000000004
2 0.681875 0.207083 0.11250000000000004 0.11750000000000001
2 0.7662500000000001 0.9274999999999999 0.1924999999999999 0.10333400000000026
2 0.7240625 0.1529165 0.08812499999999979 0.06083299999999999
2 0.7903125 0.67125 0.21062499999999984 0.22250000000000014
2 0.7978125 0.40458299999999997 0.12687500000000007 0.14250000000000007