2 0.6228125 0.28333349999999996 0.109375 0.043333000000000066
2 0.7571875 0.48708349999999995 0.33687500000000004 0.134167
2 0.7396875 0.34541700000000003 0.27937499999999993 0.07749999999999997
2 0.7675000000000001 0.542083 0.28500000000000014 0.12749999999999995
2 0.7831250000000001 0.42708299999999993 0.29875000000000007 0.14749999999999996
2 0.7790625 0.2641665 0.25687499999999996 0.08333300000000003
2 0.7996875 0.32458349999999997 0.25687499999999996 0.13916700000000004
2 0.7875000000000001 0.619167 0.14250000000000007 0.10499999999999983
2 0.806875 0.8095829999999999 0.15250000000000008 0.1824999999999998
2 0.8668750000000001 0.6345835 0.2237499999999999 0.345833
2 0.9075 0.7729165 0.1499999999999999 0.240833
2 0.9278124999999999 0.6595835 0.14312499999999995 0.23083300000000007
2 0.9612499999999999 0.8254164999999999 0.07624999999999993 0.12916700000000012