3 0.373125 0.2875256222547584 0.08625000000000005 0.10412884333821378
3 0.3225 0.33865300146412886 0.06125000000000003 0.05065885797950223
3 0.3865625 0.18667642752562225 0.08437499999999998 0.12758418740849192
3 0.3853125 0.3808638360175695 0.059374999999999956 0.03377745241581266
3 0.42375 0.12241581259150805 0.07999999999999996 0.10600292825768669
3 0.4321875 0.24625183016105417 0.08062500000000006 0.08535871156661788
3 0.4390625 0.33161054172767207 0.07187500000000002 0.10975109809663255
3 0.47375 0.19746705710102488 0.05624999999999991 0.10225475841874089
3 0.47 0.3972767203513909 0.04125000000000001 0.06285505124450945
3 0.4909375 0.2664128843338214 0.03937499999999994 0.0675402635431918
3 0.5078125 0.3156661786237189 0.06562500000000004 0.09661786237188874
3 0.5334375 0.404787701317716 0.078125 0.10600292825768665
3 0.5371875 0.22045387994143484 0.05312500000000009 0.07128843338213763
3 0.5659375 0.25468521229868224 0.07187499999999991 0.11726207906295759
3 0.5965625 0.465285505124451 0.07437500000000008 0.08442166910688136
3 0.605625 0.34146412884333827 0.06125000000000003 0.1050658857979502
3 0.6275 0.16275256222547585 0.07374999999999998 0.09474377745241579
3 0.651875 0.3897803806734993 0.08499999999999996 0.12101024890190333
3 0.6665625 0.26079062957540267 0.09562500000000007 0.09005856515373352
3 0.6715625 0.48077598828696927 0.08562500000000006 0.10412884333821378
3 0.7490625 0.2481259150805271 0.08437500000000009 0.09286969253294292
3 0.7621875 0.4882723279648609 0.07937499999999997 0.11913616398243046
3 0.7728125 0.3484919472913617 0.08812500000000001 0.11538799414348463
3 0.770625 0.5469106881405564 0.050000000000000044 0.06379209370424604
3 0.823125 0.26922401171303073 0.09624999999999995 0.14633967789165445
3 0.8215625 0.465285505124451 0.03687499999999999 0.08818448023426065
3 0.8465625 0.3672620790629575 0.05687500000000001 0.09661786237188874
3 0.8825 0.30674963396778915 0.03125 0.04878477306002927