2 0.5785534999999999 0.5183335 0.11970100000000006 0.11666700000000006
2 0.19576100000000002 0.7533335 0.23192000000000002 0.3866669999999998
2 0.2693265 0.48333299999999996 0.05985099999999999 0.04000000000000013
2 0.332918 0.7116665000000001 0.08229399999999998 0.06333299999999993
2 0.33665849999999997 0.52 0.02992499999999998 0.060000000000000046
2 0.426434 0.3183335 0.06483799999999995 0.05666700000000001
2 0.4314215 0.5883330000000001 0.054862999999999995 0.07000000000000016
2 0.566085 0.37666700000000003 0.12468799999999991 0.10000000000000003
2 0.6733165 0.5916665 0.07481300000000002 0.13666699999999998
2 0.6970075 0.47833349999999997 0.11720700000000006 0.083333
2 0.7805485 0.593333 0.17955100000000002 0.10000000000000017
2 0.73192 0.2966665 0.062343999999999955 0.05333299999999998
2 0.7493765 0.3666665 0.09226899999999993 0.1333330000000001
2 0.8653365 0.6466669999999999 0.054863000000000106 0.10000000000000017
2 0.8965084999999999 0.5883335 0.0573570000000001 0.06333299999999993